100 25075
26176 -2838
19704 -1055
24557 -2598
27106 -1161
19811 -484
19139 -443
19972 -2044
29412 -1018
16490 -1747
28420 -337
23729 -239
23906 -1532
24099 -2269
21503 833
19126 725
16845 -2626
21648 -1418
21448 -688
19635 -2614
19882 -2217
25978 -90
16170 -675
25958 -1773
28864 -590
16731 -1639
18540 -2740
16863 -1101
23451 -1329
28881 -2021
23638 -1071
25766 -2697
27980 -2368
16315 -633
29171 -283
25484 722
16680 -1977
22105 772
25772 -875
25411 -1444
18897 -2021
20058 -1182
17325 -2190
17904 -1552
22409 726
17699 -120
26482 583
28721 -1035
29459 -2083
15537 -992
18192 -116
26005 -390
29414 868
28153 533
28324 -2536
17424 -735
18372 358
26084 -2366
27100 346
22840 993
24785 -599
19131 700
29091 -129
17777 -2306
23535 450
16140 238
15242 -947
20257 -350
20577 -1327
21106 -143
29849 234
26767 -65
16302 -2590
17829 -707
27350 -450
27291 444
15343 -2607
23684 892
16118 -2949
27414 -1627
19179 -2046
27403 -2446
19962 -763
21152 -2264
29871 -1641
17675 -2807
17079 -204
22430 -2928
29901 -1444
19659 134
15409 -1710
25888 557
23501 899
15474 -227
21375 -2897
26829 -590
22445 304
29893 -1383
23602 -614
18360 -2730
21608 -2648
