1000 50
29 39 14 3 34 24 32 38 33 15 2 15 26 18 49 30 30 30 25 49 10 15 34 46 19 22 20 14 47 40 39 11 32 49 20 12 44 10 8 46 29 9 38 8 32 9 5 36 5 16 6 43 41 24 26 48 25 5 3 30 37 2 39 16 36 12 25 13 40 3 3 22 45 8 26 4 48 43 10 38 1 35 22 30 15 25 26 18 31 15 16 48 6 7 30 48 21 30 8 2 36 39 36 19 39 37 10 5 1 33 4 35 42 4 18 39 14 27 11 40 47 26 1 24 5 11 40 30 13 48 46 20 27 18 20 15 26 2 50 8 36 50 27 31 6 43 28 25 47 20 39 23 18 30 38 50 18 8 32 11 5 17 18 10 23 9 1 25 43 9 43 14 46 47 12 4 14 22 1 18 34 9 10 50 15 7 45 25 44 3 4 10 44 50 26 7 37 6 37 23 32 50 42 26 21 19 11 48 24 38 23 25 38 29 18 2 14 50 30 20 29 22 30 22 45 45 47 39 19 46 3 10 8 11 32 16 31 32 15 42 35 40 35 40 50 38 26 43 44 20 46 27 46 40 29 13 35 5 44 34 49 24 6 22 47 27 5 10 30 40 34 37 17 50 4 22 32 50 39 16 41 45 34 9 17 11 38 1 2 29 1 41 24 45 30 40 26 16 11 26 46 15 21 12 8 15 43 15 40 5 12 14 26 29 22 42 44 38 24 29 41 3 27 26 29 24 23 6 36 49 28 7 35 14 18 3 24 33 36 46 28 9 2 13 2 13 16 28 3 47 46 5 8 10 10 37 48 29 12 28 41 21 23 24 43 23 23 47 42 12 35 21 50 8 40 3 5 40 25 45 21 29 21 12 41 43 49 34 36 37 27 20 7 25 14 27 49 6 45 7 18 48 50 6 36 49 36 49 19 12 2 7 8 44 8 11 22 34 16 31 47 41 25 49 23 15 28 20 22 11 37 20 16 41 46 47 18 39 6 45 26 11 34 1 16 35 10 1 9 37 30 11 13 48 25 3 46 3 7 13 15 43 29 29 38 7 39 13 6 3 7 5 7 19 50 43 43 21 41 14 41 24 26 26 35 10 21 7 25 34 36 2 34 20 44 36 6 18 24 44 9 14 20 24 38 17 36 37 28 27 27 44 35 31 33 4 1 47 4 28 31 31 40 28 46 26 30 43 25 20 31 46 44 16 6 28 2 46 27 8 31 34 36 23 12 31 45 43 2 24 25 16 48 16 3 26 40 47 49 15 6 22 15 2 7 16 6 25 7 7 47 37 45 14 7 47 11 12 31 30 17 26 1 39 44 46 30 24 21 20 39 38 8 23 26 28 21 18 7 8 38 25 15 20 15 4 4 5 18 33 7 4 33 31 10 25 21 49 45 27 6 40 36 9 34 40 45 1 3 5 18 28 11 2 23 39 23 25 31 40 28 9 2 14 15 30 16 10 22 31 17 46 6 25 7 50 33 35 18 12 49 18 38 43 50 42 1 33 46 43 10 15 4 16 36 42 48 1 44 37 26 39 44 38 42 34 35 33 11 49 44 8 23 20 26 50 22 18 23 47 8 5 28 10 15 3 41 3 7 34 16 33 35 17 43 25 43 11 42 26 35 31 27 42 43 4 37 4 1 45 37 7 48 17 30 48 45 18 9 33 13 23 28 23 41 44 37 44 21 23 27 3 25 50 24 14 37 11 16 30 26 17 32 36 13 32 11 18 34 12 14 23 1 4 5 11 46 25 30 4 27 46 22 25 41 16 46 44 10 35 29 28 35 50 12 21 42 24 15 44 8 13 27 27 31 26 20 8 45 7 5 34 47 23 19 30 19 19 16 1 44 30 22 6 38 26 6 30 45 17 24 29 16 10 20 12 48 41 31 27 10 2 14 23 24 1 24 20 20 19 18 17 10 11 5 50 43 24 17 44 18 20 12 28 3 34 45 28 44 37 39 12 36 28 4 26 3 15 33 28 3 48 48 45 2 50 6 25 10 37 2 48 36 11 19 46 7 48 47 46 22 31 46 22 8 7 11 36 30 42 49 8 10 50 47 12 40 39 12 47 29 15 9 37 41 35 46 49 23 5 8 30 22 25 29 27 47 38 46 29 17 40 16 6 36 36 5 17 13 35 26 40 6 49 27 16 40 29 7 47 24 47 41 9 19 33 7 41 15 17 19 12 1 27 5 22 35 24 24 18 49 14 2 21 42 9 10 17 40 31 31 29 13 29 30 3 50 12 36 19
01000000000000110000000110100001000000000000000010
00000000000000001000000000000001000000000001100000
00000010000000000000000000000000010000100000100000
10000100100000000000100000000000000000000000000000
00000000001000000010010000000001000100010000010000
00001000000001000000010100000001010010100110000000
00000000001000000000000000000000000000000000001000
00000000000000000001000000000100000000000000000000
00000001000000000000000000000000100000000001000100
00000000000000000010000000000000000000000000000000
00010000000100000000000000100001000000100000000000
10000000000001000000000100000001000000000000000000
10000000101000000000000000100100000000000100001000
00000000000000000000000000000000010000000000000000
01000000100000000010000001010000001000110000000000
00001001000000000100100000000000000000001000010000
10000000000010000100000000001001100000000000000010
00000000000000000000000000000010110000100000010000
00000000000110000000001000000101000000010000000000
01000000000000000000000000000100101000100000000000
00000101001000000100000000000000000010010010100101
00010011000000000000000000001000000000000100000000
00000000000000000100000000000000100000001100000000
00000010000000000000000000000100000000000000000000
00000100000000000000100100000001000000000000000000
00000001000110000000000000000000010000000000000100
00000000001100000000000000000000000000000010000000
00000001001000000100001000000101000000101000110100
00000010100000000000000000000001000000101000000010
00000000000001000000001000001000000001010000000000
00000000000000000001000000010000000000010001100000
00000000000100000000000010000000000001000000000000
00000000010000001010001000000001000001000000100000
01000000000000000000000000011000100000000001010010
00001000000100101000001000000000110000000000000000
00000000000000000000000000000001010001000000000000
00000000000010000001000000000000100000000000000000
01100000010000000000000000000000000010001000000000
01100000000000001000000000000101000000000000000000
00000000000000000000100010000001000000000000100000
00000000000000010001000100000000001000000101000000
00001000000000000000000000000000000010000000000001
00000000000000000011000010000000000000000000000000
00000100000001000100000000000000101000000010010000
00001000000000110000000000001000000000000000001000
00001000000010000000000000100000010010000000100000
00000000000000000000001000100000001000000000001000
00001000000100000100000100000100000110000000000000
01000000001001001000000010100000000001000000010000
00000000000000000000000010000000101000000000000000
