41 24 600
46 305 526 1 512 79 283 377 486 202 412 299 299 412 202 486 377 283 79 512 1 526 305 46
89 537 95 518 382 263 508 8 373 529 404 487 487 404 529 373 8 508 263 382 518 95 537 89
167 151 459 227 533 464 472 331 189 401 462 433 433 462 401 189 331 472 464 533 227 459 151 167
101 422 411 157 163 90 266 409 40 68 181 349 349 181 68 40 409 266 90 163 157 411 422 101
277 275 77 13 156 413 572 425 520 71 212 378 378 212 71 520 425 572 413 156 13 77 275 277
64 313 238 20 170 297 270 280 54 454 273 294 294 273 454 54 280 270 297 170 20 238 313 64
205 289 576 381 41 51 583 158 222 455 542 88 88 542 455 222 158 583 51 41 381 576 289 205
187 460 235 451 102 108 582 465 152 491 539 589 589 539 491 152 465 582 108 102 451 235 460 187
221 417 192 499 532 53 309 249 267 504 438 340 340 438 504 267 249 309 53 532 499 192 417 221
109 567 569 497 400 320 356 302 153 317 179 546 546 179 317 153 302 356 320 400 497 569 567 109
335 72 142 17 204 86 484 223 106 452 376 397 397 376 452 106 223 484 86 204 17 142 72 335
23 250 514 509 39 505 32 578 248 287 466 268 268 466 287 248 578 32 505 39 509 514 250 23
146 111 252 594 141 588 415 318 398 284 550 292 292 550 284 398 318 415 588 141 594 252 111 146
172 197 393 131 83 482 116 432 6 19 590 559 559 590 19 6 432 116 482 83 131 393 197 172
295 229 224 577 440 42 231 43 120 199 545 575 575 545 199 120 43 231 42 440 577 224 229 295
477 444 414 427 436 471 16 475 371 220 473 513 513 473 220 371 475 16 471 436 427 414 444 477
140 133 233 322 100 549 5 429 587 236 288 164 164 288 236 587 429 5 549 100 322 233 133 140
126 522 165 334 285 456 84 554 511 188 367 447 447 367 188 511 554 84 456 285 334 165 522 126
7 115 593 28 144 26 380 260 568 234 14 586 586 14 234 568 260 380 26 144 28 593 115 7
33 2 343 177 18 405 449 183 561 476 216 374 374 216 476 561 183 449 405 18 177 343 2 33
347 98 137 35 478 3 407 65 548 527 244 219 219 244 527 548 65 407 3 478 35 137 98 347
33 2 343 177 18 405 449 183 561 476 216 374 374 216 476 561 183 449 405 18 177 343 2 33
7 115 593 28 144 26 380 260 568 234 14 586 586 14 234 568 260 380 26 144 28 593 115 7
126 522 165 334 285 456 84 554 511 188 367 447 447 367 188 511 554 84 456 285 334 165 522 126
140 133 233 322 100 549 5 429 587 236 288 164 164 288 236 587 429 5 549 100 322 233 133 140
477 444 414 427 436 471 16 475 371 220 473 513 513 473 220 371 475 16 471 436 427 414 444 477
295 229 224 577 440 42 231 43 120 199 545 575 575 545 199 120 43 231 42 440 577 224 229 295
172 197 393 131 83 482 116 432 6 19 590 559 559 590 19 6 432 116 482 83 131 393 197 172
146 111 252 594 141 588 415 318 398 284 550 292 292 550 284 398 318 415 588 141 594 252 111 146
23 250 514 509 39 505 32 578 248 287 466 268 268 466 287 248 578 32 505 39 509 514 250 23
335 72 142 17 204 86 484 223 106 452 376 397 397 376 452 106 223 484 86 204 17 142 72 335
109 567 569 497 400 320 356 302 153 317 179 546 546 179 317 153 302 356 320 400 497 569 567 109
221 417 192 499 532 53 309 249 267 504 438 340 340 438 504 267 249 309 53 532 499 192 417 221
187 460 235 451 102 108 582 465 152 491 539 589 589 539 491 152 465 582 108 102 451 235 460 187
205 289 576 381 41 51 583 158 222 455 542 88 88 542 455 222 158 583 51 41 381 576 289 205
64 313 238 20 170 297 270 280 54 454 273 294 294 273 454 54 280 270 297 170 20 238 313 64
277 275 77 13 156 413 572 425 520 71 212 378 378 212 71 520 425 572 413 156 13 77 275 277
101 422 411 157 163 90 266 409 40 68 181 349 349 181 68 40 409 266 90 163 157 411 422 101
167 151 459 227 533 464 472 331 189 401 462 433 433 462 401 189 331 472 464 533 227 459 151 167
89 537 95 518 382 263 508 8 373 529 404 487 487 404 529 373 8 508 263 382 518 95 537 89
46 305 526 1 512 79 283 377 486 202 412 299 299 412 202 486 377 283 79 512 1 526 305 46
