333 3 854
40 40 282
40 40 282
40 40 282
40 40 282
40 40 282
40 40 282
40 40 282
40 40 327
40 139 139
40 139 139
40 139 139
267 139 139
267 139 139
267 139 139
267 139 139
267 139 139
267 139 139
267 139 139
267 139 139
237 237 139
237 237 139
237 237 139
237 237 139
237 237 139
237 237 139
237 237 139
237 237 139
237 237 139
237 237 139
237 237 139
237 237 139
237 237 139
237 237 139
237 237 139
237 237 139
237 237 139
237 237 139
237 237 139
237 237 139
237 237 139
237 237 139
237 237 139
237 237 139
237 237 139
237 237 139
237 237 139
237 237 139
237 237 139
237 237 139
237 237 139
237 237 139
237 237 139
237 237 139
237 237 139
237 237 139
237 237 139
237 237 139
237 237 139
237 237 139
237 237 139
237 237 139
237 237 139
237 237 139
237 237 139
237 237 139
237 237 139
237 237 139
237 237 139
237 237 139
237 237 627
237 237 627
237 237 627
237 237 627
237 237 627
237 237 627
237 237 627
237 237 627
237 237 627
237 237 627
237 237 627
237 237 627
237 237 627
237 237 627
510 627 627
510 627 627
510 627 627
510 627 627
510 627 627
510 627 627
510 627 627
510 627 627
510 627 627
510 627 627
510 627 627
510 627 627
510 627 627
510 627 627
510 627 627
362 627 627
362 627 627
362 139 139
362 139 139
362 139 139
362 139 139
362 139 139
362 139 139
362 139 139
362 139 139
362 139 139
362 139 139
362 139 139
362 139 139
362 139 139
362 139 139
362 139 139
362 139 139
362 139 139
362 139 139
362 139 139
362 139 139
362 139 139
362 139 139
362 139 139
362 139 139
362 139 139
362 139 139
362 139 139
362 139 139
362 139 139
362 139 139
362 139 139
362 139 139
362 139 139
362 139 139
362 139 139
362 139 139
362 139 139
362 139 139
362 139 139
362 139 139
362 139 139
362 139 139
362 139 139
362 139 139
362 139 139
362 139 139
362 139 139
362 139 139
362 139 139
362 139 139
362 139 139
362 139 139
362 139 139
362 139 139
362 139 139
362 139 139
362 139 139
362 139 139
362 139 139
362 139 139
362 139 139
362 139 139
362 139 139
362 139 139
362 139 139
362 139 139
362 139 139
362 139 139
362 139 139
362 139 139
362 139 139
362 139 139
362 139 139
362 123 139
362 123 139
362 123 139
362 123 139
362 123 139
362 123 139
362 123 139
362 123 139
362 123 362
362 123 362
362 123 362
362 123 362
362 123 362
362 123 362
362 123 362
362 123 362
362 123 362
362 123 362
362 123 362
362 123 362
362 123 362
362 123 362
362 123 362
362 123 362
362 123 362
362 123 362
362 123 362
362 123 362
362 123 362
362 123 362
362 123 362
362 123 362
362 123 362
362 123 362
362 123 362
362 123 362
362 123 362
362 330 330
362 330 330
362 330 330
362 330 330
362 330 330
362 330 330
362 330 330
362 330 330
362 330 330
362 330 330
362 330 330
362 330 330
362 330 330
362 330 330
362 330 330
362 330 330
362 330 330
362 330 330
362 330 330
362 330 330
362 330 330
362 330 330
362 330 330
362 330 330
362 330 330
362 330 330
362 330 330
362 330 330
362 330 330
362 330 330
362 330 330
362 330 330
362 330 330
362 330 330
362 330 330
362 330 330
362 330 330
362 330 330
362 330 330
144 330 330
144 330 330
144 330 330
144 330 330
144 330 330
144 330 330
144 330 330
144 330 330
144 330 330
144 330 330
144 330 330
144 330 330
144 330 330
144 330 330
144 330 330
144 330 330
144 330 330
144 330 330
144 330 330
144 330 330
144 330 330
144 330 330
144 330 330
144 330 330
144 330 330
144 330 330
144 330 330
144 330 330
144 330 330
144 330 330
144 330 330
144 330 330
144 330 330
144 330 330
144 330 330
144 330 330
144 330 330
144 330 330
144 330 330
144 330 330
144 330 330
144 330 330
144 330 330
144 330 330
144 330 330
144 330 330
144 330 330
144 330 330
144 330 330
362 330 330
362 330 330
362 330 330
362 330 330
362 330 330
362 330 330
362 330 330
362 330 330
362 330 330
362 330 330
362 330 330
362 330 330
362 362 362
362 362 362
362 362 362
362 362 362
362 362 362
475 170 170
475 170 170
475 170 170
741 170 170
741 170 170
741 170 170
741 170 170
741 170 170
741 170 170
798 170 170
798 170 170
798 170 170
798 170 170
798 798 747
798 798 238
137 238 238
137 137 493
137 137 493
