24 41 742
702 334 229 48 169 386 574 626 231 132 446 263 380 357 495 660 200 417 741 179 289 179 741 417 200 660 495 357 380 263 446 132 231 626 574 386 169 48 229 334 702
674 582 93 3 398 705 122 194 395 492 137 326 691 368 268 252 205 265 52 5 643 5 52 265 205 252 268 368 691 326 137 492 395 194 122 705 398 3 93 582 674
572 618 346 612 562 703 6 706 477 337 153 672 696 467 355 188 549 60 19 50 351 50 19 60 549 188 355 467 696 672 153 337 477 706 6 703 562 612 346 618 572
227 510 426 732 83 216 659 118 419 427 455 648 218 514 456 98 364 590 190 602 338 602 190 590 364 98 456 514 218 648 455 427 419 118 659 216 83 732 426 510 227
175 448 675 525 25 402 662 504 308 447 136 523 641 31 677 173 245 584 8 43 339 43 8 584 245 173 677 31 641 523 136 447 308 504 662 402 25 525 675 448 175
527 114 279 353 327 224 238 444 18 485 512 47 393 538 209 737 615 258 411 65 241 65 411 258 615 737 209 538 393 47 512 485 18 444 238 224 327 353 279 114 527
617 653 111 323 695 244 432 119 197 51 253 361 46 9 262 396 629 384 131 503 315 503 131 384 629 396 262 9 46 361 253 51 197 119 432 244 695 323 111 653 617
239 375 248 185 109 656 484 491 624 317 377 85 379 625 736 21 4 145 415 405 463 405 415 145 4 21 736 625 379 85 377 317 624 491 484 656 109 185 248 375 239
733 306 207 23 150 421 496 516 347 740 450 264 133 208 712 99 458 228 373 548 526 548 373 228 458 99 712 208 133 264 450 740 347 516 496 421 150 23 207 306 733
633 688 725 230 64 138 210 382 522 476 41 581 657 507 11 475 189 478 36 683 663 683 36 478 189 475 11 507 657 581 41 476 522 382 210 138 64 230 725 688 633
66 107 88 108 178 678 420 425 255 676 370 401 449 243 275 482 332 242 80 354 141 354 80 242 332 482 275 243 449 401 370 676 255 425 420 678 178 108 88 107 66
609 544 474 55 201 650 349 167 42 518 508 459 552 399 586 619 698 276 78 686 250 686 78 276 698 619 586 399 552 459 508 518 42 167 349 650 201 55 474 544 609
609 544 474 55 201 650 349 167 42 518 508 459 552 399 586 619 698 276 78 686 250 686 78 276 698 619 586 399 552 459 508 518 42 167 349 650 201 55 474 544 609
66 107 88 108 178 678 420 425 255 676 370 401 449 243 275 482 332 242 80 354 141 354 80 242 332 482 275 243 449 401 370 676 255 425 420 678 178 108 88 107 66
633 688 725 230 64 138 210 382 522 476 41 581 657 507 11 475 189 478 36 683 663 683 36 478 189 475 11 507 657 581 41 476 522 382 210 138 64 230 725 688 633
733 306 207 23 150 421 496 516 347 740 450 264 133 208 712 99 458 228 373 548 526 548 373 228 458 99 712 208 133 264 450 740 347 516 496 421 150 23 207 306 733
239 375 248 185 109 656 484 491 624 317 377 85 379 625 736 21 4 145 415 405 463 405 415 145 4 21 736 625 379 85 377 317 624 491 484 656 109 185 248 375 239
617 653 111 323 695 244 432 119 197 51 253 361 46 9 262 396 629 384 131 503 315 503 131 384 629 396 262 9 46 361 253 51 197 119 432 244 695 323 111 653 617
527 114 279 353 327 224 238 444 18 485 512 47 393 538 209 737 615 258 411 65 241 65 411 258 615 737 209 538 393 47 512 485 18 444 238 224 327 353 279 114 527
175 448 675 525 25 402 662 504 308 447 136 523 641 31 677 173 245 584 8 43 339 43 8 584 245 173 677 31 641 523 136 447 308 504 662 402 25 525 675 448 175
227 510 426 732 83 216 659 118 419 427 455 648 218 514 456 98 364 590 190 602 338 602 190 590 364 98 456 514 218 648 455 427 419 118 659 216 83 732 426 510 227
572 618 346 612 562 703 6 706 477 337 153 672 696 467 355 188 549 60 19 50 351 50 19 60 549 188 355 467 696 672 153 337 477 706 6 703 562 612 346 618 572
674 582 93 3 398 705 122 194 395 492 137 326 691 368 268 252 205 265 52 5 643 5 52 265 205 252 268 368 691 326 137 492 395 194 122 705 398 3 93 582 674
702 334 229 48 169 386 574 626 231 132 446 263 380 357 495 660 200 417 741 179 289 179 741 417 200 660 495 357 380 263 446 132 231 626 574 386 169 48 229 334 702
