100 24645
21989 -51
25850 803
27747 -2027
22858 693
16599 -2195
15428 198
20140 -702
28037 471
16974 -591
20164 -1525
25416 761
26801 3
21787 -2025
29795 -1300
17080 -777
21423 362
28990 131
28482 355
23474 -1066
25067 -1288
26573 -146
15731 -1832
23190 -2639
15594 -2910
25597 -563
21933 -588
24153 -1847
16342 -332
29079 484
23550 -78
24029 -797
29556 -1318
18724 -2370
26156 -437
21014 -1842
22145 483
21548 -1328
28738 483
24301 237
26881 -946
18646 -374
28315 566
20812 940
27905 57
20373 -746
15551 174
23627 -1418
16847 201
22679 -1496
26126 264
20883 -2738
17916 -678
24609 -2026
15339 163
24714 -339
26080 -541
15796 649
22062 902
26576 -1093
16413 -2308
19656 -2590
21380 262
22970 804
19147 -1572
15179 79
18830 -358
17834 -2547
23848 -1641
24851 -1480
15525 332
24436 -540
17477 -297
18675 -2500
29843 -2552
27817 -2134
17994 116
29824 -279
20587 -508
24863 -1917
21997 -2703
26469 -1464
24063 -337
21038 -1032
22774 978
27474 -2831
19389 -1550
25987 -2187
17647 -1887
23147 -2730
21644 996
18535 -552
19949 579
28566 -2244
26807 -405
17096 573
18100 -241
25388 -1216
21058 -637
23723 -1591
19453 -793
