100 25913
23062 -181
25301 698
22874 -369
20523 -1420
23826 276
27835 -2792
21646 -883
20654 175
19161 -1672
26049 387
17820 -1372
26135 -2987
17777 -387
24301 -1542
19416 -2027
21245 -505
22605 610
28947 956
17216 -446
18739 -2974
20931 -2502
29993 -2486
18648 -1131
29295 -894
22841 -1478
29299 -2084
18574 -2522
24686 -2783
22882 -2316
24862 -935
17630 -1685
22332 -1840
28605 794
23335 -1885
25710 -2176
27576 -654
25230 -775
26420 -1150
20755 702
21293 -2704
23426 357
27017 502
24129 -1869
26433 -2010
28534 -1486
26644 -1266
26286 -614
18561 819
27759 -55
25704 335
21247 654
29402 -1822
24450 -22
24324 -2296
21951 -2636
29113 426
17436 936
20805 -1674
21086 -2984
19010 -1169
25290 -2218
24375 958
23175 343
18972 -630
25937 -333
20551 -593
18048 -366
24170 -844
23223 -373
29970 -199
26341 -1552
19858 -2363
20527 -2159
16302 -2055
21180 -200
21616 -326
29408 -2203
20399 397
26193 -1686
18611 690
29661 -2071
19674 -1592
23418 451
19022 639
28125 -1583
22021 745
19228 -55
25072 -1013
21500 -770
20180 -596
25667 -1900
29908 -98
16150 -2544
22157 -2778
18941 -629
17840 5
21842 924
24123 -1483
18270 204
20241 -2042
