100 27536
23152 -79
19400 437
24600 -1186
24572 -430
25941 -750
17676 -1748
22417 -2362
25453 491
27425 237
28119 -703
27748 -1173
23994 -216
25814 -1115
18157 -1788
18744 -1331
24641 -2423
23611 -1994
27203 -1557
20034 760
25171 -1430
19193 681
26406 -466
28005 -2495
25949 229
18990 -1196
23078 -2630
18801 330
19684 -2891
23019 -2993
19075 -278
22390 -2588
24087 -1972
19866 -965
22898 -1950
21813 -1029
29831 -996
17912 -11
20458 -747
25583 -631
18986 -1884
22971 -2416
18419 -2404
25140 -2168
21956 -151
21595 -1944
28476 -1729
22981 702
29404 -335
24113 -1364
20597 -2588
23359 -475
27007 -2594
22533 902
24726 886
28028 -446
26947 -339
29038 352
18187 -186
20262 -1610
22781 -2928
22633 -2776
19989 -2117
28868 -2474
28252 -1686
23022 -2871
21991 622
19494 614
20352 -1407
28802 710
27387 212
19941 -1796
21244 -989
18331 572
21648 -478
19122 -404
19175 781
23184 -1860
28929 201
22258 -1423
18061 -188
22891 -1658
21289 -2351
23547 -2982
18560 -1262
27354 -227
28784 850
22382 -2608
20366 -2483
28198 315
28701 -817
23692 -1931
29290 -1737
24020 -1382
29201 -2520
25861 -2359
18279 128
19737 -2366
29894 349
23026 834
27780 -1147
