100 13846
17630 -1215
16929 222
21639 976
14704 -1888
9421 285
19500 -1440
24468 -1443
4291 -1245
21193 -391
11742 -2102
16626 -2646
14133 -2333
20428 -866
6318 -1398
27960 843
19665 -2971
9115 427
12272 -1292
22646 -1426
13067 138
8177 -804
21661 -911
9564 -435
19541 -656
11795 563
23634 370
18976 -2559
4519 -549
24463 -2455
26403 -1519
11986 -375
19945 -1307
25287 486
8138 -1209
25105 -1220
24485 -967
15820 737
4351 -806
19953 -2312
19396 -2672
10479 613
4048 -2168
20059 -673
7483 -2764
4072 -2469
13224 -1719
29448 -2937
4774 283
10815 -678
19258 401
9615 321
11764 -32
14480 -1988
26786 -1964
24046 -279
23981 -1011
16107 -668
19212 -1985
18799 -1321
28775 -1930
16546 -644
23847 -673
19933 -2446
21531 -1475
7603 894
29604 -1230
9908 407
20951 -2626
19369 -1346
6031 -2777
15285 -545
23277 -763
18808 -1331
10350 -1020
4054 -207
9361 -1073
27111 -1521
28317 469
19035 -2383
21375 -1881
5549 -860
20120 -1135
28674 251
28391 -1026
9459 -2299
23495 -811
24770 -36
9533 959
5692 -765
15195 -2008
19860 -1413
9566 -1235
12278 -2945
14032 -2981
20518 -1181
6026 -1572
4937 -1766
17680 -2174
21725 -2078
25288 -560
