100 10544
14319 -813
10619 -1599
23045 -1288
20728 -1218
26417 309
817 -1383
6771 -2640
20121 -1080
11759 -1186
4003 221
14168 -1128
1806 -2322
10704 -2004
17601 -765
8736 -2510
6372 -2341
29477 794
22477 -1198
12271 -563
21056 633
5487 -129
4756 -224
11646 310
1626 -1008
25477 -175
3880 -2504
7340 -2234
10740 -2973
21704 -2053
10806 -969
12303 -1808
15718 -1032
7015 -2280
25439 -2776
22894 -1879
15697 -695
3875 -421
16399 322
12067 -2747
26298 102
8245 -573
19784 832
19786 -583
21546 -2983
2334 -1721
28949 -2444
19937 -1868
19928 -1794
4976 -973
28222 -375
4990 -200
26672 817
20011 -567
562 -385
24341 626
17784 498
1228 545
3303 -1232
23791 516
14250 -483
16202 -1639
18175 148
6163 -705
20879 -2577
4887 -252
25559 -1448
29946 -113
14826 96
29734 -27
9190 -1790
17096 849
18456 167
3756 -2054
12558 -1200
22198 -2469
7015 134
13598 -219
2906 258
28210 -231
26702 -1338
27244 -1399
5307 -515
4807 -389
25290 -853
10791 -740
18417 -2637
7658 -2237
8618 -1416
25435 645
5294 -1129
14172 -524
9853 -1673
11418 -570
7776 -897
3534 -2679
19146 -2692
5982 -1713
2844 -680
27752 -2052
9611 -787
