100 24092
19697 -2735
24534 -2811
29184 -2717
19109 -222
27232 -865
26500 -478
20038 -492
29463 -1121
18132 905
20008 -303
19413 -1388
14621 812
16417 -328
17958 -2467
18565 604
20178 -2172
24781 -2800
26203 406
22983 -43
14925 -2592
21310 -213
29808 -2967
23444 368
20497 -655
22090 -610
24573 634
20792 848
18143 -1904
20596 -2407
20207 370
16335 -166
29833 -2206
23659 287
26281 691
22105 138
14183 884
26082 677
17120 -2667
28843 -1725
14205 387
24632 262
25005 -2561
28844 371
24505 -939
17645 -647
27803 297
19388 -2099
15040 -2578
24612 -2776
18399 -2296
25170 -1717
19337 327
24055 -1289
28547 -1566
27357 -1745
22022 -2376
17786 -2473
15060 -2043
16303 -570
15706 -402
14464 107
21259 850
28653 847
22741 108
25619 -918
16812 391
16930 -1886
15802 -584
28274 -387
27589 -114
15730 -76
27805 -2645
24736 -873
16563 -1132
23314 -477
26252 -528
26099 621
26729 448
16294 -1044
17130 -1751
20734 -1157
23674 -628
27136 -991
25129 131
18736 -2982
16010 -2178
20732 -2495
18912 -1693
23557 925
18889 -2667
14511 369
20112 -96
22749 -2096
18074 -859
28288 -517
24491 -1251
25672 -2472
15338 -1725
26049 -1779
23351 -1838
