100 13225
7104 -1336
19523 -2962
26303 -384
20293 -949
3645 -392
27241 -2779
20716 -2998
12781 -2149
17424 -1237
21204 -32
20595 -2612
3637 -1118
20374 485
5915 299
22199 -1761
22435 971
22605 33
10457 -782
11814 -1961
15147 -100
11427 -2929
24628 18
21414 -2151
23243 -2845
20474 -2207
14065 -2868
21155 951
25975 -817
20034 -1961
15869 669
11634 -3
23148 459
19886 -1709
13678 -449
26185 -2770
16544 -2733
18268 -1556
15327 -803
7235 -2290
28984 -2935
27320 -2143
12646 753
23551 228
14695 -2140
20296 485
25104 898
5921 -1997
4061 -2057
14337 -139
26209 -562
6510 -1203
28444 -802
18944 365
16648 -740
21460 437
9716 -508
20745 -911
22353 -2831
26470 -671
18287 -1004
16355 -1910
7553 -2793
18275 -133
19044 -138
19968 -195
3605 -599
12535 -727
4488 -1034
4240 -1248
21809 -1166
11535 24
10871 -2549
5630 468
24676 -113
23721 -2449
7399 -1209
7448 -2318
7226 -2529
14272 58
23923 674
27050 -851
14495 -1143
21475 -2913
28379 -1219
21779 225
24618 -2881
9150 -1548
5586 656
12518 -1388
5910 -1032
21878 -522
16149 -1100
8192 929
15385 539
26641 -2990
26290 -1899
23336 190
16649 -1878
13650 -2668
4333 257
