1000 50
1 47 11 19 20 39 3 25 2 38 6 35 5 7 34 30 27 15 50 12 27 2 18 43 16 30 33 10 25 33 10 31 41 1 30 11 12 23 32 22 15 20 29 1 19 40 49 48 17 33 34 31 35 2 18 17 13 37 45 25 10 12 7 42 44 35 22 1 33 1 29 26 48 27 10 35 42 21 17 36 5 26 13 46 17 40 7 14 1 10 30 47 2 33 7 17 17 27 47 9 16 7 40 5 15 28 47 44 4 46 10 37 19 10 29 16 29 40 37 8 23 34 7 11 44 46 22 33 49 33 23 30 36 18 18 48 19 3 49 25 22 19 42 12 32 39 18 44 30 14 20 2 32 43 20 46 41 38 14 9 42 28 18 16 31 45 14 8 43 28 11 32 26 36 7 28 46 41 29 50 10 15 32 12 26 49 22 27 28 30 45 16 19 32 2 21 13 28 41 7 13 27 13 23 19 3 12 17 29 42 3 32 45 38 23 35 38 22 18 44 46 39 44 7 41 33 8 2 38 8 31 23 43 43 42 15 11 38 11 47 15 38 22 44 17 27 46 29 47 32 11 19 12 45 14 27 34 4 42 18 42 19 23 34 23 37 14 5 40 36 44 48 37 11 42 16 38 23 22 19 9 2 4 21 48 23 5 33 47 13 2 9 47 40 40 1 42 21 21 50 22 49 33 10 15 45 33 10 14 40 30 16 16 5 16 44 20 6 39 35 10 22 47 30 49 1 39 19 12 34 35 34 49 10 29 8 12 49 30 5 36 25 18 16 19 1 21 11 48 38 38 32 49 35 32 33 20 30 4 34 3 4 27 45 13 17 41 33 16 30 44 39 23 3 6 38 44 20 24 38 25 2 17 18 25 9 37 20 11 39 48 14 49 41 41 34 48 9 43 1 16 9 47 5 19 14 37 11 4 47 30 27 40 19 29 22 45 39 12 38 15 48 7 39 24 37 40 7 2 20 33 26 14 32 37 43 9 44 38 18 6 18 22 43 29 2 22 16 11 10 16 11 47 17 24 10 43 21 31 12 9 3 23 30 5 40 29 21 17 34 30 42 50 36 50 22 3 28 23 28 29 25 20 42 41 40 47 31 18 4 31 19 34 18 35 11 7 21 49 36 16 7 46 41 7 24 9 11 21 40 4 9 49 14 41 13 19 12 36 6 37 45 45 29 28 21 18 33 38 6 20 28 26 31 22 43 4 44 37 39 34 33 18 11 31 37 17 32 33 18 23 39 6 39 35 43 29 43 15 44 3 4 9 41 22 34 41 48 30 26 21 19 20 10 14 48 8 43 12 32 40 9 1 15 1 21 24 45 5 45 6 1 44 44 11 6 17 43 14 35 12 24 48 41 10 34 28 43 12 19 12 11 26 30 39 6 24 33 16 23 14 15 10 5 16 32 35 40 24 3 27 50 7 46 50 27 4 7 22 27 2 4 29 1 21 7 35 47 32 42 39 22 28 47 33 44 20 45 34 17 12 1 37 11 38 28 4 20 41 14 23 46 32 42 49 29 22 45 43 49 43 45 39 11 8 6 34 35 40 19 46 37 20 38 8 17 32 15 43 3 26 44 14 49 34 30 44 29 23 49 11 14 8 16 31 30 6 29 50 11 24 16 32 18 44 13 13 34 41 26 6 6 20 19 5 28 44 33 41 3 49 3 4 17 10 24 33 5 46 33 26 2 20 32 42 24 18 10 36 48 6 24 19 22 39 48 20 11 41 29 46 46 6 2 11 14 35 33 44 2 39 15 27 27 48 39 50 20 33 25 45 23 43 12 27 32 41 27 11 38 12 14 3 45 18 29 34 11 38 25 23 18 5 34 1 50 40 2 50 28 42 43 20 41 14 46 10 13 26 32 10 32 44 41 8 24 38 24 43 18 18 10 44 21 11 29 34 43 33 20 39 24 47 37 20 24 46 8 44 42 44 37 41 43 40 23 47 34 42 33 3 38 43 16 11 2 2 26 31 4 43 18 3 7 36 29 10 15 15 25 31 24 44 13 39 48 22 10 30 27 45 42 25 8 16 17 48 17 27 5 25 42 22 19 21 41 43 45 18 45 38 29 35 27 18 6 38 2 26 10 43 13 48 42 4 23 31 41 40 15 17 25 11 13 21 21 2 38 21 29 20 19 47 13 6 8 41 40 47 27 2 50 45 21 16 6 45 23 23 9 6 24 12 36 44 18 30 41 13 43 19 5 11 46 7 35 29 45 15 37 49 5 21 31 24 19 14 42 41 50
11111111111111111111111110000000000000000000000000
11111111111111111111111110000000000000000000000000
11111111111111111111111110000000000000000000000000
11111111111111111111111110000000000000000000000000
11111111111111111111111110000000000000000000000000
11111111111111111111111110000000000000000000000000
11111111111111111111111110000000000000000000000000
11111111111111111111111110000000000000000000000000
11111111111111111111111110000000000000000000000000
11111111111111111111111110000000000000000000000000
11111111111111111111111110000000000000000000000000
11111111111111111111111110000000000000000000000000
11111111111111111111111110000000000000000000000000
11111111111111111111111110000000000000000000000000
11111111111111111111111110000000000000000000000000
11111111111111111111111110000000000000000000000000
11111111111111111111111110000000000000000000000000
11111111111111111111111110000000000000000000000000
11111111111111111111111110000000000000000000000000
11111111111111111111111110000000000000000000000000
11111111111111111111111110000000000000000000000000
11111111111111111111111110000000000000000000000000
11111111111111111111111110000000000000000000000000
11111111111111111111111110000000000000000000000000
11111111111111111111111110000000000000000000000000
00000000000000000000000001111111111111111111111111
00000000000000000000000001111111111111111111111111
00000000000000000000000001111111111111111111111111
00000000000000000000000001111111111111111111111111
00000000000000000000000001111111111111111111111111
00000000000000000000000001111111111111111111111111
00000000000000000000000001111111111111111111111111
00000000000000000000000001111111111111111111111111
00000000000000000000000001111111111111111111111111
00000000000000000000000001111111111111111111111111
00000000000000000000000001111111111111111111111111
00000000000000000000000001111111111111111111111111
00000000000000000000000001111111111111111111111111
00000000000000000000000001111111111111111111111111
00000000000000000000000001111111111111111111111111
00000000000000000000000001111111111111111111111111
00000000000000000000000001111111111111111111111111
00000000000000000000000001111111111111111111111111
00000000000000000000000001111111111111111111111111
00000000000000000000000001111111111111111111111111
00000000000000000000000001111111111111111111111111
00000000000000000000000001111111111111111111111111
00000000000000000000000001111111111111111111111111
00000000000000000000000001111111111111111111111111
00000000000000000000000001111111111111111111111111
