544 683 649
441 502 230
43 464 181
504 511 476
412 535 105
92 208 128
317 416 336
239 390 201
13 105 641
66 158 287
50 213 340
309 478 451
158 392 396
34 205 621
43 380 502
427 430 256
38 527 380
287 452 258
113 319 236
64 119 293
79 270 582
272 514 471
108 278 606
149 302 474
212 522 471
426 493 76
117 493 356
385 412 636
460 504 176
105 269 281
102 311 330
160 239 117
60 388 494
82 488 227
52 55 542
11 60 221
13 253 374
86 290 393
384 392 378
60 513 429
168 415 624
357 453 502
386 439 34
253 276 648
387 538 377
351 502 208
88 246 515
415 459 114
97 417 221
153 428 65
114 266 276
395 397 83
354 362 193
475 530 426
396 532 93
124 185 10
37 58 268
225 295 32
490 534 189
38 87 524
8 284 408
32 348 429
164 166 385
101 149 384
302 543 427
304 482 234
162 337 552
21 294 601
532 542 353
54 203 303
282 289 302
141 332 606
410 414 519
153 168 533
156 233 107
239 483 526
494 504 419
126 539 584
104 247 643
7 360 49
53 249 211
4 335 166
157 388 441
4 379 350
44 481 401
68 479 19
61 458 374
136 211 459
30 163 571
128 390 265
358 497 363
344 488 365
177 483 426
9 532 189
5 58 437
240 329 536
253 477 451
200 239 500
187 506 555
118 446 375
42 480 349
110 503 402
2 211 15
4 358 330
351 426 226
102 286 178
128 264 162
168 368 220
221 481 606
249 512 401
465 488 96
38 99 232
77 303 51
71 390 281
273 302 296
192 330 304
307 394 392
220 346 290
328 463 38
220 505 191
302 372 219
51 412 260
65 198 230
264 385 365
11 522 51
22 518 640
135 310 466
33 236 150
31 521 113
207 504 497
186 468 489
143 258 385
2 434 227
294 448 516
38 148 241
15 192 612
55 260 167
117 480 447
163 513 183
350 516 549
306 502 434
398 519 361
178 329 261
89 350 285
233 450 310
21 384 281
103 334 129
30 380 130
31 384 526
243 371 575
155 532 61
117 335 48
222 454 578
163 258 605
371 444 533
292 305 73
74 412 106
406 481 605
312 523 615
166 367 399
323 402 24
404 529 8
189 324 158
95 116 567
181 345 428
363 377 117
28 202 158
423 513 509
195 267 14
285 532 557
179 453 183
369 544 351
149 524 557
73 102 201
476 489 302
248 321 73
231 370 557
26 366 234
180 207 564
336 414 564
232 520 608
130 336 524
14 33 513
93 299 18
267 316 504
301 315 229
150 442 427
329 414 585
345 495 349
217 277 291
134 172 469
241 289 15
377 428 577
155 404 149
245 343 559
134 244 612
243 516 260
48 143 9
176 299 225
167 430 155
98 127 308
214 356 286
70 287 158
226 227 566
523 544 444
6 222 53
312 512 99
17 63 184
329 384 314
147 501 408
36 486 488
122 524 251
102 140 481
107 463 188
239 393 545
44 532 608
236 286 475
50 229 212
346 431 138
117 295 364
322 345 66
495 498 242
248 400 37
178 210 303
87 349 451
24 205 581
179 379 11
68 192 99
294 364 150
40 429 103
311 513 163
37 435 355
500 512 271
64 335 15
39 163 240
365 368 348
368 438 416
80 166 15
222 277 368
50 138 563
106 238 316
99 146 565
173 413 219
220 391 578
154 523 166
14 274 26
31 203 28
114 186 72
94 496 339
32 307 406
359 403 622
141 458 385
53 296 191
121 185 15
194 198 532
466 503 510
383 454 157
93 139 568
114 441 45
58 538 469
96 508 174
68 69 302
223 511 232
196 523 53
185 431 564
214 348 437
7 129 624
379 383 80
122 151 381
36 449 322
28 443 429
474 514 89
338 438 603
48 478 430
287 354 590
150 336 429
35 261 18
56 73 74
276 527 468
48 286 547
199 299 560
236 303 490
165 223 261
442 507 197
28 148 252
201 278 62
173 323 137
210 305 404
253 375 442
67 532 250
71 375 592
39 417 531
208 328 442
117 484 120
392 516 62
321 442 584
491 498 332
247 265 501
344 390 570
247 323 31
484 521 476
431 512 608
83 496 7
344 473 337
151 225 40
47 484 415
7 266 609
133 518 180
122 194 430
1 478 539
161 485 439
143 373 194
17 134 325
362 422 120
182 465 372
266 270 338
62 150 640
6 482 470
411 454 156
450 496 560
345 492 465
136 427 383
287 460 255
235 469 122
169 219 395
318 455 319
16 435 3
453 469 31
180 286 73
7 532 372
40 325 496
215 233 132
253 508 475
358 497 500
348 412 169
42 527 609
272 474 548
86 496 126
220 415 552
456 526 601
85 459 434
270 428 534
21 220 46
201 293 263
175 302 365
24 121 480
374 524 635
138 342 280
405 468 217
324 521 407
143 459 390
334 520 426
242 421 576
148 359 116
481 528 478
199 535 198
257 351 327
161 462 70
99 127 520
310 505 481
170 509 44
118 236 509
114 194 323
172 254 440
159 342 50
294 405 42
223 470 534
50 69 535
122 162 451
307 401 305
95 445 633
13 440 93
350 375 303
180 382 447
41 507 575
96 364 529
291 544 580
326 376 352
257 372 168
45 128 414
180 249 251
256 432 475
74 498 432
11 66 549
288 424 278
18 542 99
139 259 114
409 421 159
99 426 567
279 541 150
510 524 600
412 540 456
14 335 99
128 183 294
149 447 126
205 332 118
205 213 433
78 301 159
250 354 0
282 431 169
23 406 79
180 379 28
114 292 624
22 355 471
350 444 381
17 500 597
290 511 621
255 321 338
196 389 613
15 106 168
214 236 279
183 519 118
451 512 254
234 357 146
150 208 72
8 146 90
92 415 422
106 519 579
63 421 53
67 97 537
128 363 203
370 516 573
63 250 271
103 398 204
245 319 27
73 526 558
241 508 67
233 515 415
217 231 107
15 362 36
319 331 142
34 366 2
240 305 338
216 463 567
404 532 143
160 529 216
128 272 171
142 455 62
79 342 478
385 518 616
308 347 287
204 436 113
220 426 7
72 491 219
24 177 616
35 455 422
101 115 624
323 407 439
65 365 635
136 215 381
183 348 325
228 331 416
257 472 214
116 384 424
8 522 560
119 176 86
78 285 583
108 152 444
70 535 310
99 352 402
66 395 154
121 409 159
141 404 389
10 353 106
40 332 368
109 158 260
261 526 592
120 405 349
30 88 45
1 225 564
78 196 250
433 466 481
37 49 80
51 512 617
422 541 529
321 524 404
69 186 110
74 151 403
18 226 394
81 94 308
379 519 361
341 517 267
408 450 83
61 481 642
235 492 456
327 360 36
187 217 420
205 321 469
200 282 155
221 224 320
501 530 581
68 91 16
27 369 594
365 475 572
492 501 159
116 295 543
253 363 320
23 260 135
390 497 543
61 369 199
150 343 235
190 493 560
264 544 485
162 403 147
387 539 278
133 366 266
79 457 126
74 289 226
254 264 413
59 155 547
53 290 7
257 313 374
47 326 644
20 172 41
178 328 235
357 428 499
217 333 609
73 157 306
400 429 548
161 168 177
353 409 342
350 486 242
348 428 290
79 368 514
5 87 21
427 528 481
76 316 375
165 185 498
47 461 312
300 396 359
86 381 190
48 165 481
171 297 355
30 51 22
35 483 504
386 471 229
20 242 589
516 539 5
6 193 229
102 520 549
413 513 505
178 309 300
176 211 61
6 210 500
251 271 148
69 335 15
298 519 608
22 371 227
35 387 199
323 439 296
143 512 547
136 496 334
76 391 396
348 505 129
357 446 275
131 354 614
414 445 69
465 473 153
379 542 589
192 375 579
126 178 364
77 405 584
181 306 358
303 335 630
282 305 560
33 498 109
205 543 615
242 449 501
153 279 638
290 533 272
28 433 591
127 342 386
64 389 582
28 152 304
67 85 17
363 480 288
276 490 366
278 541 444
438 524 227
209 276 166
8 365 416
180 279 427
245 341 266
174 205 94
218 402 617
5 464 143
222 504 554
380 498 487
303 412 326
212 417 500
17 192 638
359 413 498
155 330 64
152 544 11
99 401 382
92 273 382
239 453 333
200 490 476
444 543 391
175 370 600
520 528 374
2 91 161
66 202 134
332 501 599
84 457 459
505 516 575
44 73 206
79 387 491
284 503 96
215 233 476
56 308 7
223 391 318
78 264 388
259 276 224
459 515 154
24 412 382
90 267 480
286 450 413
75 245 456
31 125 280
76 224 587
131 506 599
117 158 60
343 463 361
135 148 333
47 459 543
249 417 132
298 310 33
130 171 474
114 507 547
122 472 248
141 343 74
7 507 372
293 329 1
145 339 284
168 328 322
151 207 648
122 330 231
77 78 221
282 308 141
88 306 459
350 443 232
289 492 405
344 435 83
483 484 392
216 393 558
162 311 62
121 296 353
183 520 196
73 431 333
204 216 452
137 198 590
8 116 186
230 252 515
146 363 427
406 485 397
86 91 69
146 216 624
333 394 571
26 542 431
106 428 257
198 287 83
504 506 289
57 386 216
345 436 580
76 96 107
128 468 295
313 492 389
43 277 583
14 377 363
196 325 514
110 465 109
299 469 41
147 427 144
42 94 147
94 119 431
91 398 535
158 264 293
59 115 557
125 166 44
375 483 86
120 132 286
62 483 516
80 149 388
