956 642 915
180 863 841
457 582 621
592 911 711
627 853 694
479 823 346
369 664 868
746 858 51
71 460 766
15 829 173
456 771 536
469 494 280
162 853 705
557 759 683
197 755 704
3 192 373
11 178 240
253 377 764
192 775 696
73 422 43
292 727 852
462 466 355
25 397 502
309 626 814
277 386 376
224 477 416
82 668 289
449 627 433
883 934 587
589 644 873
64 790 480
912 937 133
583 710 240
220 708 844
25 252 403
513 832 166
880 934 19
46 884 210
148 925 713
613 864 412
154 616 444
275 639 193
14 594 5
87 933 720
672 755 409
154 712 440
463 786 429
230 462 55
441 570 5
218 760 314
247 496 545
369 539 737
360 574 251
364 902 109
396 417 630
185 374 682
351 506 788
290 515 237
419 900 839
63 444 784
404 440 199
72 111 225
154 453 95
235 242 505
14 917 781
748 854 840
247 499 892
479 913 201
235 451 285
300 403 102
411 865 913
727 883 308
31 478 253
241 901 620
401 940 45
3 69 904
622 700 227
85 269 325
423 808 37
423 620 391
672 762 707
573 605 421
150 280 833
143 771 178
153 617 229
211 574 603
259 690 95
122 292 428
70 377 806
178 673 369
583 774 276
90 864 574
46 91 667
227 885 495
741 816 859
208 674 218
424 478 224
159 246 807
93 224 683
149 339 854
35 599 191
653 723 444
197 411 815
280 852 813
661 851 220
424 600 33
373 718 895
228 629 117
497 534 812
322 909 744
22 762 6
793 808 366
721 945 191
558 945 262
81 833 494
2 519 309
152 499 650
215 702 633
77 596 761
635 871 511
181 822 742
154 786 204
379 897 397
466 919 78
875 954 676
499 916 601
239 956 233
278 561 598
679 939 717
78 862 752
353 861 820
264 681 483
20 447 812
105 324 617
486 902 715
636 809 897
94 365 823
493 881 520
522 676 118
137 502 858
180 296 442
132 619 819
553 882 9
122 211 595
439 598 197
250 654 582
421 722 564
586 918 662
264 476 656
87 738 358
197 892 379
187 307 105
30 489 418
433 867 130
355 419 492
493 612 605
244 590 538
792 842 95
103 570 538
744 932 26
351 887 108
196 900 881
217 474 467
51 100 254
54 675 713
291 696 259
234 771 607
4 924 70
471 569 869
393 427 715
518 899 395
11 750 888
783 869 207
98 639 444
663 839 262
167 813 406
217 493 438
470 832 170
395 465 587
467 804 34
440 577 331
6 287 629
312 591 163
211 268 452
76 79 411
187 694 243
463 514 535
194 272 295
157 494 157
608 750 166
556 833 799
750 948 570
346 797 371
821 879 497
400 740 286
340 952 885
382 952 491
16 862 637
361 654 656
412 887 218
197 243 55
489 575 783
161 744 199
185 642 303
156 558 825
20 170 572
457 761 129
325 868 375
529 697 83
600 804 593
818 892 207
430 721 876
708 911 517
161 237 424
97 591 823
147 485 288
244 789 716
70 452 266
113 188 821
336 855 630
182 548 283
462 647 881
804 905 550
62 706 742
355 608 615
831 837 453
303 654 604
13 413 54
133 531 850
228 281 859
41 756 857
369 381 413
858 899 371
515 724 710
67 661 518
163 636 488
342 647 336
713 899 350
577 849 837
23 42 614
341 459 155
21 578 337
438 486 704
305 673 154
495 811 691
538 545 808
93 726 44
559 727 71
46 336 518
733 871 257
539 787 485
617 675 589
219 361 821
110 632 851
84 769 823
108 696 342
741 911 240
517 792 757
284 788 694
263 589 43
733 949 286
731 901 533
155 280 419
319 552 236
883 932 635
29 915 318
445 900 435
665 834 491
274 873 202
486 746 598
277 849 134
251 651 783
196 833 608
559 675 185
315 715 292
541 590 621
265 311 167
277 811 506
12 190 632
8 824 329
14 806 155
221 849 509
666 764 874
588 606 471
525 938 732
127 816 721
577 617 101
253 730 19
33 106 239
463 815 872
562 597 710
161 459 628
121 129 552
190 298 117
360 770 730
136 144 149
10 667 400
240 484 890
237 453 58
108 603 474
167 592 770
805 825 296
184 643 23
92 824 210
57 651 848
236 398 759
332 466 554
24 909 868
462 770 290
12 703 318
208 912 482
189 523 36
30 577 643
397 668 203
92 579 565
187 277 685
28 166 183
48 845 454
264 652 901
121 266 489
631 914 90
443 485 577
217 545 228
171 924 905
68 290 148
97 460 709
213 321 82
101 596 475
187 189 274
84 521 76
825 918 743
584 587 878
521 606 13
106 588 658
258 483 179
335 708 694
74 325 136
547 855 270
389 543 486
174 584 806
219 241 777
7 331 17
96 141 398
179 720 802
567 762 279
403 662 245
648 838 891
71 512 100
434 825 710
297 725 425
238 739 12
67 884 914
111 358 179
462 625 516
122 568 490
717 854 652
798 899 651
621 865 803
276 353 914
107 663 897
416 479 155
409 738 377
633 688 554
317 347 303
544 911 718
224 334 438
223 276 33
115 119 207
394 869 493
713 738 864
775 914 281
81 100 73
89 498 835
339 538 441
28 760 680
3 576 346
340 817 557
32 749 423
809 930 562
671 784 784
3 420 556
228 329 599
719 857 637
383 761 444
28 164 553
583 707 429
391 440 596
270 874 146
120 251 428
130 442 10
42 491 203
531 929 290
294 593 346
249 373 225
1 214 316
700 790 886
83 888 36
3 600 376
237 433 477
505 740 110
78 205 0
100 252 407
17 281 671
183 529 888
79 818 696
476 485 757
339 910 166
574 881 452
91 530 897
554 948 862
460 714 354
134 785 558
370 846 779
628 732 93
803 955 746
65 65 641
78 706 111
635 683 906
209 306 131
86 667 594
343 912 885
137 272 750
253 870 786
759 880 89
553 710 437
633 695 424
694 724 705
300 692 655
394 651 663
192 777 137
393 583 507
179 682 129
197 497 502
64 146 912
32 718 761
221 919 581
182 820 447
225 328 843
129 578 415
25 939 530
155 530 620
266 688 436
532 790 582
207 492 307
50 403 806
321 930 264
54 355 320
26 434 88
318 451 253
592 714 522
327 346 328
64 754 140
376 525 390
128 612 366
119 265 117
24 338 387
33 663 85
781 850 18
93 757 637
82 617 449
325 845 664
859 931 635
425 516 405
76 469 310
40 684 44
859 938 762
543 865 327
688 723 896
71 813 143
584 838 518
474 698 835
163 738 803
28 550 329
290 645 88
471 646 802
604 880 426
888 940 644
268 343 400
283 922 551
276 495 81
471 771 490
872 946 342
134 428 123
345 703 523
100 100 559
297 647 60
438 808 903
345 856 563
109 160 748
401 806 248
121 341 789
8 470 299
653 679 520
478 654 409
231 481 213
398 664 722
10 107 644
505 618 368
795 955 440
90 589 116
270 336 523
138 174 844
278 592 241
43 936 510
291 528 603
148 165 142
95 278 68
48 901 542
243 700 674
512 928 159
272 397 641
747 794 819
9 555 526
838 942 202
767 854 484
271 352 746
64 394 465
472 723 622
144 272 250
650 744 806
100 538 82
8 606 24
146 821 898
722 860 475
463 889 511
5 102 411
16 681 651
463 472 113
343 560 554
1 538 725
335 462 610
704 764 767
295 454 596
53 65 414
727 934 216
566 679 560
11 726 558
50 662 799
153 569 722
184 372 2
639 686 560
185 536 663
685 818 292
13 436 416
290 832 688
434 546 517
5 71 785
29 46 812
849 936 25
786 865 892
479 528 428
243 444 150
20 113 594
34 882 150
155 236 249
77 241 221
705 782 812
488 878 96
350 676 888
731 886 251
334 531 537
790 908 106
67 257 421
420 525 139
54 723 277
215 489 332
825 831 755
17 348 764
312 448 562
551 872 721
224 784 729
235 511 299
173 832 73
87 203 693
185 246 630
133 508 292
12 736 473
28 730 114
124 343 639
125 357 641
240 837 49
41 87 574
138 177 373
309 775 42
111 945 13
692 837 582
137 704 847
108 363 248
261 606 311
11 283 721
727 869 420
187 907 55
417 475 26
422 805 422
613 827 696
78 445 14
68 752 709
569 930 718
295 873 563
21 630 469
663 916 782
668 803 111
408 461 471
385 856 133
70 915 746
127 209 242
51 186 655
696 865 694
45 514 685
242 936 552
244 275 164
141 653 710
373 752 16
17 800 299
708 927 90
470 735 641
330 681 467
447 475 164
427 788 490
401 807 145
443 620 404
27 463 45
110 859 514
13 56 378
1 234 867
663 797 426
168 768 409
365 721 373
234 895 323
64 566 804
51 944 815
163 772 305
244 642 878
767 943 245
573 746 617
934 950 390
242 443 785
83 180 402
706 930 711
577 910 166
289 498 380
144 744 217
58 641 195
