650 772 935
193 506 263
112 276 718
236 363 221
448 649 489
120 208 443
34 298 304
144 241 99
373 426 210
150 487 197
211 468 618
31 405 74
215 380 385
533 544 233
436 597 853
188 403 326
169 243 82
399 623 25
382 560 173
117 261 898
199 377 547
161 595 347
176 624 383
34 304 0
446 624 483
252 317 788
302 488 460
12 418 858
332 486 138
415 525 280
330 408 136
227 573 868
301 492 12
25 613 476
126 351 266
87 337 146
150 164 263
252 485 58
262 357 656
359 502 380
225 602 173
60 437 675
173 417 237
163 514 742
28 484 4
236 316 593
234 300 622
57 456 910
325 546 242
58 612 341
145 521 252
489 551 383
134 505 78
53 364 621
94 495 542
28 93 129
56 588 841
30 194 750
332 645 253
212 360 184
243 379 235
413 561 612
73 177 156
252 509 178
105 594 91
453 461 27
94 517 310
157 497 259
304 639 714
429 629 107
110 211 687
230 598 807
146 597 506
66 385 844
49 188 932
328 542 526
120 217 327
80 274 628
173 610 421
27 390 154
43 207 929
11 290 574
57 270 261
89 252 791
45 503 585
281 335 835
32 453 246
15 434 35
302 597 338
178 500 577
139 452 273
389 587 20
303 321 184
211 532 701
295 547 635
370 491 204
623 642 878
60 260 202
109 191 85
117 434 248
536 553 87
151 438 516
226 586 431
570 614 838
23 541 852
192 391 463
267 467 327
215 424 520
149 232 756
347 616 696
125 463 306
395 584 536
131 365 150
234 283 677
531 617 102
255 615 457
199 299 854
14 129 411
145 328 853
15 72 563
106 597 22
234 492 589
238 496 550
293 351 872
101 536 726
146 230 398
87 177 214
38 628 156
465 487 132
91 636 729
34 365 835
276 347 26
154 169 211
102 474 568
46 324 611
87 423 854
119 404 884
348 406 239
85 300 710
170 199 680
23 232 591
401 448 206
437 536 496
215 335 802
160 491 663
482 630 657
512 574 384
264 408 530
133 552 380
49 494 39
57 162 838
477 629 653
145 608 125
309 331 73
149 548 83
63 294 407
444 499 660
361 493 500
299 358 518
256 397 188
82 102 84
80 520 894
157 533 860
12 449 302
170 594 249
134 241 426
105 306 242
179 616 331
40 508 390
384 589 800
225 557 786
90 626 167
51 393 230
248 510 429
144 338 111
597 610 625
156 346 604
502 559 510
40 333 11
407 624 428
393 471 733
21 299 226
508 560 583
520 605 298
133 318 781
440 513 89
71 307 749
3 583 43
254 333 855
47 364 903
371 644 185
19 597 444
55 445 235
208 475 362
433 459 469
37 305 860
330 453 308
185 281 918
471 535 198
9 498 651
142 190 2
178 291 50
522 530 932
92 179 830
170 215 760
423 587 775
265 582 220
253 396 641
248 468 838
176 310 159
28 469 613
57 206 388
108 359 517
43 549 683
300 359 412
37 458 374
468 620 373
320 471 882
199 513 741
49 343 381
300 418 216
197 537 554
621 641 755
279 316 209
149 229 54
106 524 441
264 297 811
281 549 602
59 161 379
335 364 467
523 621 234
165 492 184
82 412 337
449 582 616
228 342 768
56 342 915
407 636 752
33 82 602
119 261 9
279 350 610
339 416 415
312 378 577
311 462 27
39 52 784
85 253 237
429 469 4
176 335 727
464 596 703
539 608 929
512 559 791
454 649 90
42 300 903
66 310 441
84 297 197
27 361 40
143 567 476
559 642 932
351 389 684
348 543 281
584 604 248
43 404 632
100 368 902
420 516 376
348 396 353
439 513 198
570 607 229
127 379 776
183 650 421
76 228 464
253 365 233
58 335 567
9 248 148
383 464 135
26 299 772
386 397 58
270 511 852
400 602 517
110 242 728
91 407 917
292 316 354
378 512 830
177 529 105
64 410 619
346 509 299
246 580 414
311 465 607
235 459 514
445 556 509
164 304 490
158 244 596
6 339 49
75 492 529
590 639 146
231 636 537
180 547 509
301 391 637
153 433 246
131 524 603
181 554 405
17 473 316
312 544 165
142 516 47
38 402 165
28 230 798
14 284 48
51 491 763
253 404 348
235 400 839
47 155 928
222 428 492
171 645 449
357 588 213
129 408 83
60 172 841
11 342 447
59 317 28
17 175 875
184 442 809
564 622 9
88 234 580
444 634 12
558 564 645
281 487 361
277 440 400
210 308 854
430 589 416
133 396 462
220 546 481
42 406 239
150 525 532
7 146 267
106 513 684
338 403 200
166 283 412
488 527 786
197 405 434
340 563 41
41 545 490
317 639 723
126 614 217
326 412 93
296 554 899
189 619 563
465 582 69
450 605 918
74 647 392
100 367 614
96 316 521
62 537 795
218 277 643
80 450 851
486 638 651
175 355 10
106 111 291
193 541 535
127 546 463
433 493 50
470 574 553
278 510 166
425 519 190
56 235 797
77 314 753
262 529 724
160 587 535
179 319 860
93 469 597
119 479 723
73 599 578
36 142 120
50 639 866
131 648 933
253 558 83
174 297 497
230 426 586
32 639 744
24 35 3
12 209 623
74 420 928
88 305 106
150 406 517
136 358 873
183 266 874
72 148 65
42 596 82
27 181 812
375 429 915
167 400 754
92 427 630
122 262 623
6 174 143
258 552 428
180 376 231
582 589 658
129 451 910
294 336 452
173 361 40
47 54 575
14 332 100
54 601 1
180 626 933
224 245 152
18 20 92
257 540 827
327 559 735
163 565 744
356 554 157
19 53 384
133 514 760
306 644 449
48 363 650
454 609 878
79 438 426
39 70 54
18 537 408
464 619 932
279 422 855
376 585 80
24 637 301
174 575 402
390 528 676
112 361 695
82 568 348
65 547 220
603 621 147
139 426 588
488 513 846
108 408 858
6 439 37
470 601 572
58 316 148
92 380 698
335 489 279
469 502 185
390 581 839
131 574 89
205 377 573
608 615 467
122 430 162
209 299 776
390 595 464
100 117 381
413 482 854
55 143 69
2 596 837
500 529 931
473 577 137
381 560 328
572 631 330
1 176 143
184 327 595
198 635 682
301 565 385
15 45 416
450 592 86
238 397 374
421 596 82
32 353 220
447 627 205
13 249 529
34 48 698
419 472 238
271 642 194
419 450 162
83 275 166
535 609 128
260 365 311
256 268 417
177 530 829
185 437 162
90 612 269
81 586 439
248 292 883
75 422 758
116 530 807
377 573 547
414 628 331
386 613 623
290 620 796
128 550 728
234 438 532
195 458 446
367 462 471
164 169 826
45 210 550
207 616 733
253 573 604
346 492 795
431 646 663
48 73 235
251 522 702
85 575 852
356 568 76
142 234 800
113 529 467
521 569 277
30 552 225
50 306 836
152 216 416
544 645 691
171 587 860
66 244 399
68 602 29
353 454 645
75 436 10
451 475 738
185 554 634
239 493 427
199 229 369
45 586 764
465 503 344
272 427 8
154 643 649
4 577 448
176 498 356
439 579 190
102 317 0
205 449 796
328 424 34
306 397 422
217 288 272
120 647 306
215 543 196
124 156 523
328 583 169
455 512 731
327 477 441
19 290 369
296 624 244
267 460 478
275 307 227
307 467 584
415 420 858
22 515 845
249 467 89
30 333 850
555 634 699
27 280 637
133 333 599
362 423 687
248 419 488
503 625 260
190 562 621
244 246 470
343 469 859
396 412 574
544 568 708
177 601 855
303 584 443
536 638 704
611 649 366
301 310 76
54 488 343
251 526 182
349 442 229
320 569 863
229 259 117
507 637 236
54 351 494
504 632 517
10 628 702
56 97 779
66 449 546
232 364 913
177 646 262
260 475 7
489 535 20
178 350 411
305 538 923
269 585 461
64 186 915
482 585 313
40 471 342
162 454 829
83 571 456
35 97 11
43 238 412
198 532 390
436 486 62
396 449 262
87 607 706
316 511 499
522 630 796
274 519 631
237 337 237
107 389 512
541 612 638
340 507 504
103 416 745
266 632 703
423 528 843
411 502 810
378 573 515
22 460 841
89 311 468
78 598 439
207 399 245
266 395 465
469 606 405
363 642 761
261 366 558
119 392 549
65 563 889
97 135 346
104 576 404
474 476 505
522 546 755
462 543 194
11 594 399
81 463 212
90 389 768
312 632 535
82 650 692
263 590 257
154 394 360
349 375 121
287 407 387
19 365 132
273 356 269
307 636 916
169 517 324
170 471 443
375 425 932
411 479 498
59 532 228
134 185 542
121 274 902
186 524 847
291 583 51
87 536 704
17 291 9
562 627 216
241 250 575
516 534 81
112 514 756
313 570 795
156 403 223
178 289 837
33 130 306
69 251 569
175 480 922
296 631 498
73 222 491
501 620 94
316 424 78
226 273 66
111 466 272
513 606 187
242 527 240
159 405 606
120 202 570
27 145 646
257 411 744
1 152 695
390 480 191
138 485 606
378 494 478
160 435 855
320 517 28
179 538 72
224 257 111
183 520 541
301 615 222
130 175 209
410 530 871
214 320 222
359 632 651
296 402 679
407 538 355
25 192 901
275 504 33
438 644 871
599 641 329
340 610 759
522 592 581
76 589 64
45 646 592
500 620 892
120 420 503
412 603 839
223 626 185
234 568 681
146 535 536
35 164 229
96 107 145
550 552 877
297 516 827
146 401 278
25 174 3
359 473 721
1 385 498
104 556 647
30 314 672
179 364 290
293 632 722
331 343 76
328 410 333
302 429 150
320 641 785
229 535 50
282 333 284
11 630 417
424 552 617
292 480 759
8 383 592
473 604 474
173 467 615
216 324 734
102 225 193
344 589 17
436 650 249
84 614 39
113 363 605
181 389 96
104 545 746
454 503 83
187 238 503
496 540 379
280 559 273
144 471 666
114 438 395
175 644 94
301 530 619
494 505 486
14 488 925
243 536 680
365 593 221
176 638 272
52 551 921
47 79 119
153 212 554
36 295 711
97 266 525
241 331 118
393 482 199
63 113 752
116 559 60
161 542 919
183 347 923
131 396 424
123 358 545
149 391 343
619 627 606
234 432 565
204 306 42
174 476 425
130 334 24
168 294 742
39 438 915
401 634 338
225 551 819
57 173 43
15 632 329
406 601 828
151 517 175
244 248 361
25 605 376
469 582 241
335 600 226
76 197 156
95 118 524
381 392 286
186 527 18
165 647 17
270 489 798
327 617 4
211 390 436
237 436 618
129 531 726
48 76 787
36 250 233
300 641 358
30 539 498
120 359 23
