100 100 1000
0 0 0 0 0 0 826 826 997 997 997 997 997 826 826 826 826 0 0 0 160 160 160 160 160 160 160 160 160 160 0 0 0 0 0 0 829 829 829 829 829 829 829 829 829 829 208 0 0 0 0 27 27 27 27 27 27 0 0 0 0 0 0 0 627 627 627 627 627 627 0 0 0 0 959 437 437 437 437 437 437 1 1 1 1 0 0 0 0 0 0 0 0 0 0 0 0 0 0 238
0 148 148 741 741 741 826 826 997 997 997 997 997 826 826 826 826 0 0 0 160 160 160 160 160 160 160 160 584 584 584 584 584 584 584 584 829 829 829 829 829 829 829 829 829 829 953 953 0 260 260 260 260 260 260 260 260 260 0 0 0 0 0 0 627 627 627 627 627 627 0 0 0 0 959 437 437 437 437 437 437 1 1 1 1 0 0 0 0 0 72 72 72 72 72 72 72 0 417 238
0 148 148 148 148 148 826 826 997 997 997 997 997 826 826 826 826 769 769 688 688 688 688 688 688 688 688 688 584 584 584 584 828 828 828 828 829 829 829 829 923 923 923 923 923 923 953 953 923 923 260 260 260 260 260 260 260 260 0 0 537 537 537 537 627 991 991 991 991 991 991 991 991 991 959 437 437 437 437 437 437 403 1 756 756 756 756 756 756 756 756 756 756 141 141 141 141 141 417 238
0 0 0 0 302 302 826 826 997 997 997 997 997 826 826 826 826 769 769 688 688 688 688 688 688 688 688 688 584 584 584 584 828 828 828 828 829 829 829 829 829 829 829 829 829 829 953 953 229 260 260 260 260 260 260 260 260 260 0 0 537 537 537 537 627 627 627 627 627 627 708 708 708 708 959 708 708 708 708 708 708 669 669 756 756 756 756 756 756 756 756 756 756 141 141 141 141 141 417 238
0 0 0 0 302 302 826 826 997 997 997 997 997 826 826 826 826 769 769 688 688 688 688 688 688 688 688 688 584 584 584 584 828 828 828 828 828 828 828 828 828 828 828 208 208 208 953 953 229 260 260 957 957 957 957 260 260 260 0 0 537 537 597 597 627 627 627 627 627 627 708 708 708 708 992 992 992 992 708 708 708 669 669 756 756 756 756 756 756 756 756 915 1000 618 618 618 141 141 417 238
0 0 0 0 302 302 826 826 997 997 997 997 997 826 826 826 826 863 863 863 688 688 688 688 688 688 688 688 584 584 584 584 828 828 828 828 828 828 828 828 828 828 828 208 208 208 953 953 229 459 459 957 957 957 957 0 0 0 0 0 537 537 597 597 627 627 627 627 627 627 708 708 708 708 992 992 992 992 708 708 708 669 669 756 756 756 756 756 756 756 756 915 1000 618 618 618 251 430 430 238
0 0 0 0 302 302 826 826 997 997 997 997 997 826 826 826 826 863 863 863 688 688 688 688 688 688 688 688 584 584 584 584 828 828 828 828 828 828 828 828 828 828 828 208 208 208 953 953 229 459 459 957 957 957 957 0 0 875 875 875 537 537 597 597 627 627 627 627 627 627 708 708 708 708 992 992 992 992 708 708 708 669 669 756 756 756 756 756 756 756 756 915 1000 618 618 618 251 430 430 238
0 0 0 0 103 103 826 826 997 997 997 997 997 826 826 826 826 863 863 863 688 688 688 688 688 688 688 688 584 584 584 584 828 828 828 828 828 828 828 828 828 828 828 208 208 208 953 953 229 459 459 957 957 957 957 600 600 875 875 875 537 537 537 537 627 976 976 976 627 627 708 708 708 708 992 992 992 992 708 708 956 956 956 956 956 756 756 756 756 756 756 915 756 487 487 487 251 430 430 0
0 0 0 0 103 103 826 826 997 997 997 997 997 826 826 826 826 863 863 863 688 688 688 688 688 688 688 688 584 584 584 584 828 828 828 907 907 907 907 907 907 828 828 208 208 208 953 953 320 459 459 459 459 459 600 600 600 875 875 875 537 537 537 537 627 976 976 976 627 627 708 708 708 708 992 992 992 992 708 708 708 669 669 669 669 669 179 179 705 705 705 487 487 487 487 487 429 430 430 0
0 987 987 987 987 987 987 987 997 997 997 997 997 988 988 988 988 988 988 988 988 688 688 688 688 688 688 688 584 584 584 584 584 584 584 907 907 907 907 907 907 749 815 815 815 749 953 953 320 459 739 739 739 739 606 606 606 875 875 875 537 537 537 537 627 976 976 976 627 627 708 708 708 708 992 992 992 992 708 708 708 669 669 669 669 669 179 179 705 705 705 487 487 487 487 487 429 430 430 0
0 987 987 987 987 987 987 987 987 987 773 773 773 988 988 988 988 988 988 988 988 688 688 688 688 688 688 688 584 584 584 584 584 584 584 907 907 907 907 907 907 749 815 815 815 749 953 953 320 459 739 739 739 739 606 606 606 875 993 875 537 537 537 537 338 976 976 976 338 338 265 265 265 265 992 992 992 992 315 760 760 830 830 830 830 830 830 830 830 830 830 697 697 487 487 487 429 430 430 0
0 987 987 987 987 987 987 987 987 987 766 766 577 988 988 988 988 988 988 988 988 688 688 688 688 688 688 688 482 541 745 541 0 0 0 907 907 907 907 907 907 23 815 815 815 271 320 320 320 459 739 739 739 739 606 606 606 875 993 875 355 355 338 338 338 976 976 976 338 338 268 268 268 268 992 992 992 992 315 760 760 830 830 830 830 830 830 830 830 830 830 697 697 487 487 487 429 429 0 0
561 987 987 987 987 987 987 987 987 987 766 766 577 988 988 988 988 988 988 988 988 43 592 482 482 482 482 482 482 541 745 541 832 832 832 907 907 907 907 907 907 832 832 815 815 271 320 320 320 459 739 739 739 739 606 606 606 875 993 875 338 338 338 338 338 976 976 976 338 338 268 268 268 268 992 992 992 992 315 812 760 830 830 830 830 830 830 830 830 830 830 873 873 873 873 889 889 889 889 889
0 987 987 987 987 987 987 987 987 987 766 766 764 988 988 988 988 988 988 988 988 43 592 482 482 735 735 735 735 735 745 735 832 832 832 832 903 903 832 832 832 832 832 311 311 311 320 320 320 459 739 739 739 739 606 855 855 875 993 875 855 855 855 855 855 534 534 534 338 338 268 268 268 268 992 992 992 992 315 812 760 830 830 830 830 830 830 830 830 830 830 873 873 873 873 889 889 889 889 889
0 987 987 987 987 987 987 987 987 987 764 764 764 988 988 988 988 988 988 988 988 43 0 0 348 735 735 735 735 735 745 735 832 832 832 832 903 903 832 832 832 832 832 311 311 311 320 320 320 459 739 739 739 739 606 855 963 963 993 963 963 963 963 855 855 621 621 621 621 338 268 268 268 268 992 992 992 992 315 812 760 830 830 830 830 830 830 830 830 830 830 873 873 873 873 889 889 889 889 889
0 563 563 974 974 974 974 795 795 795 540 540 540 988 988 988 988 988 988 988 988 794 794 35 348 735 735 735 735 735 817 817 832 832 832 832 903 903 832 832 832 832 832 311 311 311 320 320 320 459 739 739 739 739 606 855 963 963 993 963 963 963 963 855 855 621 621 621 621 120 120 120 0 978 0 0 185 185 185 185 185 830 830 830 830 830 830 830 830 830 830 873 873 873 873 889 889 889 889 889
0 563 563 974 974 974 974 795 795 795 540 540 540 988 988 988 988 988 988 988 988 43 35 35 348 735 735 735 735 735 817 817 832 832 832 832 903 903 832 832 832 832 832 0 0 271 320 320 320 320 739 739 739 739 606 855 963 963 993 963 963 963 963 855 855 621 621 621 621 120 120 120 0 978 0 0 185 185 185 185 185 830 830 830 830 830 830 830 830 830 830 873 873 873 873 889 889 889 889 889
476 563 836 974 974 974 974 836 836 836 836 836 540 988 988 988 988 988 988 988 988 619 619 35 348 735 735 927 927 927 927 927 927 927 927 927 927 927 832 832 832 832 832 0 0 655 655 655 655 655 739 739 739 739 655 855 963 963 993 963 963 963 963 855 855 621 621 621 621 120 120 120 0 0 0 0 185 185 185 185 185 485 485 144 144 144 404 404 697 697 697 873 873 873 873 889 889 889 889 889
476 563 836 974 974 974 974 836 836 836 836 836 540 988 988 988 988 988 988 988 988 619 619 35 348 735 735 927 927 927 927 927 927 927 927 927 927 927 832 832 832 832 832 0 0 655 655 948 948 948 948 948 948 948 948 855 963 963 993 963 963 963 963 855 855 621 621 621 621 120 120 120 0 0 0 0 185 185 185 185 455 485 485 144 144 144 404 404 697 697 697 873 873 873 873 889 889 889 972 889
476 476 836 836 891 836 836 836 836 836 836 836 161 988 988 988 988 988 988 988 988 619 619 599 662 735 735 735 735 735 817 817 832 832 856 856 903 903 832 832 832 832 832 0 0 0 499 948 948 948 948 948 948 948 948 463 963 963 993 963 963 963 963 621 621 621 621 621 621 120 120 120 0 0 461 661 461 461 185 185 455 455 144 144 144 144 404 664 853 853 853 873 873 873 873 889 889 889 972 889
476 476 836 836 891 836 836 836 836 836 836 836 805 805 619 619 619 619 619 619 619 619 619 933 933 933 933 933 933 933 933 817 832 832 856 856 967 967 832 832 832 832 832 0 0 0 0 948 948 948 948 948 948 948 948 463 963 963 963 963 963 963 963 602 602 602 602 203 203 0 0 0 0 565 565 661 565 565 565 945 945 455 144 144 144 144 404 664 853 853 853 873 873 873 873 664 481 481 972 123
476 838 838 838 891 874 874 838 838 838 838 838 805 805 323 323 323 161 161 419 419 419 419 933 933 933 933 933 933 933 933 817 817 668 856 856 967 967 668 668 628 628 536 176 176 14 14 948 948 948 948 948 948 948 948 463 963 984 984 963 963 963 963 602 602 602 602 203 203 0 0 0 0 0 461 661 461 461 185 945 945 455 250 250 395 250 250 664 853 853 853 873 873 873 873 664 481 481 972 123
476 838 838 838 891 874 874 838 838 838 838 838 555 555 555 555 323 161 161 666 666 666 666 666 666 666 666 666 407 407 817 817 817 668 856 856 967 967 668 668 536 536 536 176 176 0 0 948 948 948 948 948 948 948 948 463 963 984 984 963 963 963 963 602 602 602 602 203 203 0 0 0 0 0 461 661 461 461 185 945 945 893 893 893 893 893 250 664 853 853 853 873 873 873 873 664 481 481 481 123
0 838 838 838 891 874 874 838 838 838 838 838 555 555 555 555 323 0 0 666 666 666 666 666 666 666 666 666 407 407 817 859 859 859 856 856 967 967 668 668 536 536 536 176 176 0 0 948 948 948 948 948 948 948 948 463 963 984 984 963 963 963 963 602 602 602 602 203 203 990 990 990 990 990 990 990 990 990 734 945 945 893 893 893 893 893 250 664 853 853 853 853 853 664 664 664 481 481 481 123
0 838 838 838 891 874 874 838 838 838 838 838 555 555 555 555 0 0 0 666 666 666 666 666 666 666 841 841 841 869 869 869 869 869 869 668 967 967 668 668 536 536 536 176 176 0 0 948 948 948 948 948 948 948 948 463 463 984 984 463 602 602 602 602 602 602 602 203 203 990 990 990 990 990 990 990 990 990 958 958 958 958 958 958 958 958 250 664 853 853 853 853 853 752 752 752 752 481 481 123
0 838 838 838 891 874 874 838 838 838 838 838 0 0 886 886 886 886 886 983 983 983 983 983 983 983 983 983 876 876 876 869 869 869 894 668 967 967 668 668 176 176 176 176 746 746 746 746 746 667 667 667 623 442 442 0 0 984 984 0 602 602 602 730 730 730 730 730 730 990 990 990 990 990 990 990 990 990 958 958 958 958 958 958 958 958 330 664 853 853 853 853 853 752 752 752 752 481 481 123
542 838 838 838 891 874 874 838 838 932 838 838 0 0 886 886 886 886 886 983 983 983 983 983 983 983 983 983 876 876 876 869 869 869 894 372 967 967 176 176 176 176 176 176 746 746 746 746 746 667 667 667 623 442 442 421 421 984 984 955 955 955 602 602 602 602 602 744 744 990 990 990 990 990 990 990 990 990 958 958 958 958 958 958 958 958 578 664 853 853 853 853 853 752 752 752 752 481 481 402
542 838 838 838 891 874 874 838 838 932 838 838 0 0 886 886 886 886 886 983 983 983 983 983 983 983 983 983 885 885 885 885 885 869 894 372 967 967 399 176 176 176 176 176 746 746 746 746 746 667 667 667 623 442 442 421 421 984 984 955 955 955 602 602 602 602 602 744 744 990 990 990 990 990 990 990 990 990 958 958 958 958 958 958 958 958 949 664 853 853 853 853 853 752 752 752 752 481 481 402
542 838 838 838 874 874 874 838 838 932 838 838 249 249 886 886 886 886 886 983 983 983 983 983 983 983 983 983 885 885 885 885 885 869 894 372 967 967 702 702 176 176 176 176 746 746 746 746 746 667 667 674 623 442 442 671 671 984 984 955 955 955 602 602 602 602 602 744 744 0 878 878 878 878 878 958 958 958 958 958 958 958 958 958 958 958 949 578 415 415 752 752 752 752 752 752 752 481 481 402
542 838 838 838 838 838 838 838 838 932 937 937 937 937 937 937 937 937 937 983 983 983 983 983 983 983 983 983 407 869 869 869 869 869 894 372 967 967 702 702 497 318 318 318 746 746 746 746 746 667 667 674 623 442 442 671 671 955 955 955 955 955 602 602 602 602 602 744 744 0 878 878 878 878 878 958 958 958 958 958 958 958 958 958 958 958 949 578 415 415 330 253 383 383 481 481 481 481 481 402
542 838 838 838 838 838 838 838 838 932 937 937 937 937 937 937 937 937 937 983 983 983 983 983 983 983 983 983 852 869 869 869 869 869 869 372 702 702 702 702 497 392 392 524 524 524 524 524 667 667 667 667 623 405 928 928 928 955 955 955 955 955 0 0 0 0 0 744 744 0 878 878 878 878 878 958 958 958 958 958 958 958 958 958 958 958 949 892 892 892 892 576 576 576 576 481 481 481 481 68
728 728 728 728 542 819 819 819 819 819 937 937 937 937 937 937 937 937 937 983 983 983 983 983 983 985 985 985 985 985 985 985 985 869 869 224 971 971 971 971 392 392 392 524 524 524 524 524 524 524 524 524 623 405 928 928 928 955 955 955 955 955 0 0 880 880 880 880 880 880 880 880 880 878 966 966 966 966 966 966 966 966 958 958 958 958 892 892 892 892 892 517 517 517 383 383 383 383 462 68
728 728 728 728 542 819 819 819 819 819 937 937 937 937 937 937 937 937 937 786 786 408 335 852 852 852 852 852 852 869 869 869 869 899 899 899 971 971 971 971 899 778 778 524 524 524 524 524 524 524 524 524 623 405 928 928 928 955 955 955 955 955 0 0 880 880 880 880 880 880 880 880 880 878 878 958 958 958 958 958 958 958 958 958 958 958 892 892 892 892 892 517 517 517 389 843 843 843 383 68
0 0 0 174 174 819 819 819 819 819 937 937 937 937 937 937 937 937 937 786 786 408 335 852 852 852 852 852 852 869 952 952 952 952 952 952 971 971 971 971 899 778 778 524 524 524 524 524 524 524 524 524 524 452 928 928 928 955 955 955 955 955 0 0 880 880 880 880 880 880 880 880 880 878 878 958 958 958 958 958 958 958 958 958 958 958 892 892 892 892 892 517 517 517 389 843 843 843 383 68
0 0 0 174 824 819 819 819 819 819 937 937 937 937 937 937 937 937 937 360 360 360 335 852 852 852 852 852 852 852 952 952 952 952 952 952 971 971 971 971 899 778 778 975 975 975 975 975 975 975 975 975 975 975 928 928 928 955 955 955 955 955 782 782 880 880 880 880 880 880 880 880 880 878 878 878 883 883 883 883 638 638 892 892 892 892 892 892 892 892 892 517 517 517 389 843 843 843 293 68
0 0 0 174 824 819 819 819 819 819 937 937 937 937 937 937 937 937 937 685 685 685 685 852 852 852 852 852 852 852 952 952 952 952 952 952 971 971 971 971 899 778 778 975 975 975 975 975 975 975 975 975 975 975 928 928 928 928 659 659 659 782 782 782 880 880 880 880 880 880 880 880 880 878 878 878 883 883 922 922 922 922 922 922 922 922 922 892 892 892 892 293 511 511 389 843 843 843 293 68
0 0 0 174 824 225 225 603 603 603 225 225 225 225 281 281 685 685 685 685 685 685 685 852 852 852 852 852 852 852 952 952 952 952 952 952 971 971 971 971 899 495 495 975 975 975 975 975 975 975 975 975 975 975 928 928 928 928 659 659 659 782 782 782 782 782 0 0 0 0 126 126 126 313 313 313 883 883 954 954 954 954 954 954 954 922 922 892 892 892 892 325 511 511 293 843 843 843 293 796
0 0 0 174 824 225 225 603 603 603 225 225 225 225 281 281 685 685 685 685 685 685 685 940 940 940 551 551 551 656 952 952 952 952 952 952 971 971 971 971 899 495 495 975 975 975 975 975 975 975 975 975 975 975 928 928 928 928 877 877 877 877 877 877 877 877 0 0 0 0 126 126 126 473 936 936 936 936 954 954 954 989 989 989 989 989 989 989 989 989 989 989 511 511 293 843 843 843 293 796
434 434 979 979 979 979 225 603 639 639 639 639 639 639 639 639 685 685 685 685 685 685 685 940 940 940 551 551 551 656 952 952 952 952 952 952 971 971 971 971 899 495 965 975 975 975 975 975 975 975 975 975 975 975 928 928 928 928 877 877 877 877 877 877 877 877 0 0 0 0 126 126 126 473 936 936 936 936 954 954 954 989 989 989 989 989 989 989 989 989 989 989 511 511 293 843 843 843 293 796
434 434 434 434 824 225 225 603 639 639 639 639 639 639 639 639 685 685 685 685 685 685 685 940 940 940 418 418 418 656 952 952 952 952 952 952 971 971 971 971 899 495 965 975 975 975 975 975 975 975 975 975 975 975 928 928 928 928 877 877 877 877 877 980 980 980 980 980 980 980 980 980 980 558 960 960 960 960 960 960 954 989 989 989 989 989 989 989 989 989 989 989 742 742 443 843 843 843 293 796
434 434 434 434 824 0 0 603 639 860 860 860 860 860 860 860 860 849 849 849 849 849 685 940 940 940 488 918 918 918 918 918 918 925 918 899 971 971 971 971 899 866 965 975 975 975 975 975 975 975 975 975 975 975 928 928 928 928 877 877 877 877 877 980 980 980 980 980 980 980 980 980 980 558 960 960 960 960 960 960 936 989 989 989 989 989 989 989 989 989 989 989 809 823 823 843 843 843 293 796
434 434 434 593 810 0 0 0 639 860 860 860 860 860 860 860 860 685 685 685 685 685 685 940 940 940 418 918 918 918 918 918 918 925 918 899 971 971 971 971 899 866 965 975 975 975 975 975 975 975 975 975 975 975 761 761 926 926 877 877 877 877 877 980 980 980 980 980 980 980 980 980 980 700 960 960 960 960 960 960 936 989 989 989 989 989 989 989 989 989 989 989 809 823 823 843 843 843 846 846
0 282 282 593 810 282 282 282 639 860 860 860 860 860 860 860 860 685 685 685 685 685 685 940 940 940 439 918 918 918 918 918 918 925 918 480 480 480 480 480 866 866 965 975 975 975 975 975 975 975 975 975 975 975 761 761 926 926 877 877 877 877 877 980 980 995 995 995 995 995 995 995 995 995 960 960 960 960 960 960 936 989 989 989 989 989 989 989 989 989 989 989 742 823 823 533 293 631 846 846
0 850 850 850 850 850 850 850 639 860 860 860 860 860 860 860 860 685 685 685 685 685 685 940 940 940 439 918 918 918 918 918 918 925 918 480 480 480 480 480 866 866 965 975 975 975 975 975 975 975 975 975 975 975 761 761 926 926 877 877 877 877 877 980 980 995 995 995 995 995 995 995 995 995 960 960 960 960 960 960 936 989 989 989 989 989 989 989 989 989 989 989 742 823 823 533 314 631 846 846
0 282 282 593 593 282 282 282 639 860 860 860 860 860 860 860 860 639 572 572 572 572 572 940 940 940 439 918 918 918 918 918 918 918 918 480 480 480 480 480 866 866 866 866 866 866 866 866 866 866 180 180 180 0 761 761 926 926 877 877 877 877 877 980 980 980 980 980 980 980 980 980 980 762 936 936 936 936 936 936 936 989 989 989 989 989 989 989 989 989 989 989 742 823 823 723 723 723 846 846
0 282 282 593 593 783 783 783 783 860 860 860 860 860 860 860 860 572 572 572 572 572 572 572 439 439 439 918 918 918 918 918 918 918 918 480 480 480 480 480 866 866 866 866 866 866 866 866 866 866 180 180 180 0 761 761 926 926 877 877 877 877 877 980 980 980 980 980 980 980 980 980 980 762 936 936 936 936 936 936 936 989 989 989 989 989 989 989 989 989 989 989 742 823 823 723 862 723 846 846
0 765 765 593 593 282 282 282 282 860 943 943 943 943 943 943 943 572 572 572 572 572 572 572 364 364 772 918 918 918 918 969 969 969 918 772 480 480 845 845 845 845 845 845 845 845 845 845 816 816 768 768 768 768 198 198 926 926 877 877 877 877 877 980 980 980 980 980 980 980 980 980 980 762 691 691 691 691 691 691 691 989 989 989 989 989 989 989 989 989 989 989 742 823 823 723 862 723 846 846
0 765 765 593 593 282 282 282 282 860 943 943 943 943 943 943 943 0 0 0 364 364 364 364 364 364 772 968 968 968 968 969 969 969 840 840 840 840 845 845 845 845 845 845 845 845 845 845 816 816 768 768 768 768 0 0 0 0 131 131 605 605 605 980 980 980 980 980 980 980 980 980 980 762 691 691 691 691 691 691 691 989 989 989 989 989 989 989 989 989 989 989 742 823 921 921 921 921 921 921
676 765 765 593 593 282 282 282 282 860 943 943 943 943 943 943 943 868 868 868 868 868 868 0 42 42 772 968 968 968 968 969 969 969 776 776 776 776 845 845 845 845 845 845 845 845 845 845 816 816 432 183 183 183 183 528 528 528 528 528 605 605 605 980 980 980 980 980 980 980 980 980 980 762 691 691 691 691 774 774 774 774 946 946 946 946 946 946 742 742 742 742 742 823 921 921 921 921 921 921
0 765 765 593 593 282 282 282 282 860 943 943 943 943 943 943 943 868 868 868 868 868 868 2 278 278 772 968 968 968 968 969 969 969 776 776 776 776 776 776 776 816 816 816 816 816 816 816 816 816 432 322 183 183 183 528 528 528 528 528 605 605 605 980 980 980 980 980 980 980 980 980 980 924 924 924 924 924 785 774 774 774 946 946 946 946 946 946 660 657 657 657 657 823 921 921 921 921 921 921
0 765 765 722 722 722 722 722 722 860 943 943 943 943 943 943 943 868 868 868 868 868 868 2 278 387 772 968 968 968 968 969 969 969 776 776 776 776 776 896 896 896 896 896 896 896 896 896 896 816 530 530 530 530 530 530 528 528 528 528 605 605 605 605 605 951 951 951 951 924 924 924 924 924 924 924 924 924 785 774 774 774 946 946 946 946 946 946 898 898 898 898 898 657 921 921 921 921 921 921
711 765 765 722 722 722 722 722 722 732 943 943 943 943 943 943 943 868 868 868 868 868 868 2 278 387 772 968 968 968 968 969 969 969 772 772 283 51 51 896 896 896 896 896 896 896 896 896 896 816 530 530 530 530 530 530 528 528 528 528 605 605 605 605 605 605 961 961 961 961 961 961 961 961 924 924 924 924 785 774 774 774 946 946 946 946 946 946 898 898 898 898 898 657 921 921 921 921 921 921
711 765 765 722 722 722 722 722 722 722 943 943 943 943 943 943 943 868 868 868 868 868 868 636 636 636 636 387 387 387 387 387 387 387 387 283 283 51 753 896 896 896 896 896 896 896 896 896 896 530 530 530 530 530 530 530 528 528 528 528 605 605 605 605 605 605 961 961 961 961 961 961 961 961 924 924 924 924 785 774 774 774 946 946 946 946 946 946 898 898 898 898 898 657 921 921 921 921 921 921
711 765 765 722 722 722 722 722 722 722 943 943 943 943 943 943 943 868 868 868 868 868 868 636 636 636 636 544 544 544 544 387 387 387 387 69 69 51 753 753 753 51 51 51 0 530 530 530 530 530 530 530 530 530 530 530 528 528 528 528 605 605 605 605 605 605 961 961 961 961 961 961 961 961 924 924 924 924 785 774 774 774 946 946 946 946 946 946 898 898 898 898 898 398 921 921 921 921 921 921
711 765 765 573 573 573 573 440 440 440 943 943 943 943 943 943 943 868 868 868 868 868 868 636 636 636 636 544 544 544 544 387 387 387 387 69 69 51 753 753 753 51 51 51 0 530 530 530 530 530 530 530 530 530 530 530 528 528 528 528 605 605 605 605 605 605 961 961 961 961 961 961 961 961 924 924 924 924 774 774 774 774 946 946 946 946 946 946 898 898 898 898 898 398 921 921 921 921 921 921
711 711 573 573 573 573 573 440 440 440 943 943 943 943 943 943 943 780 780 780 780 780 636 636 636 636 636 544 544 544 544 457 457 457 387 69 69 51 831 831 831 831 831 831 831 831 831 530 530 530 530 530 530 530 530 530 528 528 528 528 605 605 605 605 605 605 961 961 961 961 961 961 961 961 924 924 924 924 797 797 797 797 946 946 946 946 946 946 898 898 898 898 898 398 921 921 921 921 921 921
711 711 573 573 573 573 573 440 440 440 943 943 943 943 943 943 943 780 780 780 780 780 636 802 802 802 802 544 544 544 544 457 457 457 930 930 69 897 897 897 897 897 897 897 897 897 897 897 530 530 530 530 530 530 530 530 183 183 0 0 605 605 605 605 605 605 861 924 924 924 924 924 924 924 924 924 924 924 797 797 797 797 946 946 946 946 946 946 898 898 898 898 898 257 921 921 921 921 921 921
711 711 573 573 573 573 573 440 440 440 640 640 780 780 780 788 780 780 780 780 780 780 636 802 802 802 802 544 544 833 833 833 833 457 930 930 69 897 897 897 897 897 897 897 897 897 897 897 0 0 183 183 183 496 496 496 496 496 0 0 158 0 0 0 0 0 861 924 924 924 924 924 924 924 924 924 924 924 797 797 797 797 946 946 946 946 946 946 898 898 986 986 898 257 921 921 921 921 921 921
0 440 573 573 573 573 573 440 440 440 640 640 780 780 780 788 780 780 780 780 780 780 390 802 802 802 802 544 544 833 833 833 833 69 930 930 69 0 831 831 831 831 831 831 831 831 831 0 0 0 0 0 0 496 496 496 496 977 977 0 158 0 0 0 0 0 861 861 861 861 353 353 353 24 189 189 189 189 797 797 797 797 797 797 804 797 274 274 0 257 986 986 257 257 441 441 854 854 854 854
0 440 493 440 440 440 440 440 740 740 740 740 740 740 740 640 640 342 390 390 390 390 390 802 802 802 802 544 544 544 544 69 69 69 930 930 69 0 831 831 831 831 831 831 831 831 831 0 895 895 895 895 895 895 895 895 895 977 977 0 158 0 0 65 65 65 105 105 105 353 353 353 353 24 189 189 189 479 797 797 797 797 797 797 804 797 274 274 0 0 986 986 140 140 441 441 854 854 854 854
0 440 440 440 440 440 440 440 740 740 740 740 740 740 740 640 640 516 516 516 516 516 516 802 802 802 802 701 701 701 701 339 339 339 930 930 69 0 831 831 831 831 831 831 831 831 831 748 895 895 895 895 895 895 895 895 895 977 977 0 158 0 0 65 65 291 105 105 105 353 353 353 353 24 189 189 624 624 624 624 624 624 624 624 804 624 374 374 501 501 501 501 255 255 441 441 854 854 854 854
0 440 440 440 440 440 440 440 740 740 740 740 740 740 740 640 640 872 872 872 872 872 872 872 872 872 872 872 701 701 701 339 339 339 930 930 358 358 831 831 831 831 831 831 831 831 831 748 748 748 748 465 465 525 525 525 525 977 977 525 158 0 0 65 65 291 65 65 0 353 353 353 353 24 189 189 624 624 624 624 624 624 624 624 804 624 374 374 374 374 255 255 905 255 0 0 854 854 854 854
0 0 0 0 0 0 216 216 740 740 740 740 740 740 740 715 715 872 872 872 872 872 872 872 872 872 872 872 701 701 701 538 529 529 930 930 254 0 831 831 831 831 831 831 831 831 831 748 748 748 748 612 678 678 612 612 496 496 0 0 158 0 0 0 0 291 0 0 0 353 353 353 353 24 189 189 624 801 801 624 624 624 624 624 804 624 374 374 374 374 255 255 905 255 0 0 854 854 854 854
0 0 0 0 0 0 216 216 740 740 740 740 740 740 740 715 715 872 872 872 872 872 872 872 872 872 872 872 701 701 701 538 529 529 930 930 835 835 835 831 831 831 831 831 831 831 831 748 748 748 748 465 678 678 496 496 496 496 290 290 290 290 290 290 290 291 0 0 0 353 353 353 632 632 632 632 632 801 801 632 632 632 616 157 804 800 800 800 800 374 255 255 905 255 0 0 0 45 0 0
0 0 0 0 0 0 216 216 740 740 740 740 740 740 740 715 715 872 872 872 872 872 872 872 872 872 872 872 538 538 538 538 529 529 930 930 835 835 835 831 831 831 831 831 831 865 865 865 865 865 748 698 698 698 698 698 698 698 299 299 299 750 806 806 806 299 299 0 0 353 353 353 632 632 672 672 672 801 801 672 672 632 616 523 804 800 800 800 800 523 523 523 905 255 0 0 0 45 16 0
0 0 0 0 0 0 0 0 740 740 740 740 740 740 740 130 130 872 872 872 872 872 872 872 872 872 872 872 538 538 538 538 529 529 930 930 835 835 835 831 831 831 831 831 831 865 865 865 865 865 748 698 698 698 698 698 698 698 299 299 299 750 806 806 806 299 299 0 0 353 353 353 632 632 672 672 908 908 908 908 908 632 483 309 804 374 374 374 374 374 255 255 905 686 686 686 686 686 686 0
950 950 950 950 950 950 950 950 950 740 740 740 740 973 973 973 588 872 872 872 872 872 872 872 872 872 981 981 981 981 981 981 981 981 981 930 187 187 187 396 396 754 754 754 754 754 754 748 748 748 748 698 698 698 698 698 698 698 299 299 299 750 806 806 806 299 890 890 0 353 353 353 632 632 632 632 908 908 908 908 908 888 888 888 374 374 374 374 374 374 255 255 905 686 686 686 686 686 686 0
950 950 950 950 950 950 950 950 950 871 871 871 871 740 740 588 588 872 872 872 872 872 872 872 872 872 981 981 981 981 981 981 981 981 981 851 882 882 882 882 882 754 754 754 754 754 754 748 748 748 748 698 698 698 698 698 698 698 299 299 299 299 806 806 806 299 890 890 0 0 0 721 721 929 721 721 908 908 908 908 908 888 888 888 374 374 374 374 374 374 255 255 905 686 686 686 686 686 686 0
0 0 0 435 435 435 435 0 871 871 871 871 871 740 740 0 196 872 872 872 872 872 872 872 872 872 872 872 538 538 538 538 116 696 696 818 882 882 882 882 882 754 754 754 754 754 754 748 748 748 748 698 698 698 698 698 698 698 299 299 299 299 299 299 299 299 890 890 89 89 261 820 820 929 820 820 908 908 908 908 908 888 888 888 374 374 374 374 374 374 255 255 686 686 686 686 686 686 686 0
0 0 0 435 435 435 435 0 871 871 871 871 871 740 740 0 196 872 872 872 872 872 872 872 920 920 920 920 920 920 920 920 864 864 696 696 882 882 882 882 882 754 754 754 754 754 754 714 775 775 698 698 698 698 698 698 698 698 299 299 299 299 299 299 299 299 890 890 89 89 261 820 820 929 820 820 908 908 908 908 908 888 888 888 707 707 707 707 707 707 707 707 707 707 686 686 686 686 686 0
0 736 736 736 736 736 736 736 871 871 871 871 871 384 0 934 934 934 934 934 934 934 934 934 934 920 920 920 920 920 920 920 864 864 696 696 882 882 882 882 882 754 754 754 754 754 754 714 775 775 698 698 698 698 698 698 698 698 299 539 299 299 299 299 299 299 890 890 89 89 261 820 820 929 820 820 908 908 908 908 908 888 888 888 707 707 707 707 707 707 707 707 707 707 385 385 385 385 385 0
0 736 736 736 736 736 736 736 871 871 871 871 871 384 38 934 934 934 934 934 934 934 934 934 934 920 920 920 920 920 920 920 864 864 696 696 882 882 882 882 882 754 754 754 754 754 754 714 775 775 673 673 107 107 510 510 510 299 299 539 299 299 475 475 475 475 475 475 475 475 475 475 632 929 632 632 632 632 632 632 632 888 888 888 707 707 707 707 707 707 707 707 707 707 385 385 385 385 385 59
0 0 0 435 435 435 435 0 871 871 871 871 871 38 38 934 934 934 934 934 934 934 934 934 934 920 920 920 920 920 920 920 864 864 696 696 882 882 882 882 882 754 754 754 754 754 754 714 775 775 352 352 107 107 107 107 0 299 299 539 299 299 475 475 475 475 475 475 475 475 475 475 475 929 549 549 549 549 549 549 549 888 888 888 707 707 707 707 707 707 707 707 707 707 670 385 839 839 839 839
0 0 0 435 435 435 435 0 871 871 871 871 871 38 38 934 934 934 934 934 934 934 934 934 934 920 920 920 920 920 920 920 864 864 535 535 882 882 882 882 882 557 557 557 557 557 714 714 775 775 982 982 982 982 982 982 982 299 779 779 779 779 779 779 475 475 475 475 475 475 475 475 475 303 549 549 549 549 549 549 549 888 888 888 707 707 707 707 707 707 707 707 707 707 670 719 839 839 839 839
0 0 0 435 435 435 435 0 871 871 871 871 871 170 38 934 934 934 934 934 934 934 934 934 934 920 920 920 920 920 920 920 864 864 535 535 535 535 763 763 763 0 32 207 379 379 714 714 775 775 982 982 982 982 982 982 982 81 81 539 81 0 475 475 475 475 475 475 475 475 475 475 475 303 549 549 549 549 549 549 549 888 888 888 549 531 531 531 531 531 670 670 670 670 670 385 839 839 839 839
0 0 0 0 184 248 248 884 884 0 0 170 170 170 38 649 649 649 649 649 649 713 755 864 864 864 864 864 864 864 864 864 864 864 535 535 535 535 763 763 763 169 169 207 379 379 714 714 775 775 982 982 982 982 982 982 982 391 391 539 391 391 475 684 684 475 475 475 475 475 998 998 998 998 998 998 998 998 998 998 549 888 888 888 549 531 531 531 531 531 670 670 670 670 670 385 839 839 839 839
0 0 0 0 192 248 909 909 909 909 909 214 214 214 413 649 649 649 649 649 649 713 755 864 864 864 864 864 864 864 864 864 864 864 535 535 535 535 763 763 763 169 169 207 379 379 379 379 775 775 982 982 982 982 982 982 982 391 391 539 391 391 475 684 684 475 475 475 475 475 998 998 998 998 998 998 998 998 998 998 549 888 906 906 549 531 531 531 531 531 670 670 670 670 670 512 839 839 839 839
0 0 0 630 630 630 909 909 909 909 909 214 214 214 413 649 649 689 689 689 689 689 755 755 755 755 755 755 755 755 755 755 755 733 535 535 535 535 790 790 790 790 790 790 704 585 585 585 775 775 982 982 982 982 982 982 982 391 391 391 391 391 844 844 844 844 844 844 844 844 998 998 998 998 998 998 998 998 998 998 549 549 906 906 549 531 531 531 531 531 670 670 670 670 670 512 839 839 839 839
0 0 0 630 630 630 630 884 884 630 477 477 477 477 477 477 477 689 689 689 689 689 755 755 755 755 755 755 755 755 755 755 755 733 595 595 595 595 790 790 790 790 790 790 585 585 585 585 585 585 982 982 982 982 982 982 982 887 887 887 887 391 844 844 844 844 844 844 844 844 844 844 844 545 545 545 545 545 545 545 438 438 906 906 531 531 531 531 531 531 670 670 902 902 902 902 512 512 512 0
0 0 0 630 630 630 630 884 884 630 477 477 477 477 477 477 477 689 689 689 689 689 755 755 755 755 755 755 755 755 755 755 755 733 692 692 692 692 790 790 790 790 790 790 637 406 406 406 406 406 982 982 982 982 982 982 982 887 887 887 887 391 844 844 844 844 844 844 844 844 844 844 844 545 545 545 545 545 545 545 438 438 906 906 438 394 394 142 0 0 453 190 902 902 941 999 512 512 512 0
0 0 0 910 910 910 910 910 910 910 910 477 477 477 477 477 477 689 689 689 689 689 755 755 755 755 755 755 755 755 755 755 755 595 692 692 692 692 790 790 790 790 790 790 637 406 406 406 406 406 982 982 982 982 982 982 982 887 887 887 887 683 844 844 844 844 844 844 844 844 844 844 844 731 731 731 731 545 545 822 822 822 906 906 438 394 394 142 0 0 453 190 902 902 941 999 470 470 470 916
0 677 677 910 910 910 910 910 910 910 910 635 635 214 413 413 413 689 689 689 689 689 755 755 755 755 755 755 755 755 755 755 755 648 692 692 692 692 637 637 637 637 637 637 637 406 406 406 406 406 982 982 982 982 982 982 982 391 683 683 683 683 683 684 808 808 808 808 683 658 658 545 545 731 931 931 931 931 545 822 822 822 906 906 438 333 0 0 0 0 190 190 902 902 941 999 470 470 470 916
0 677 677 910 910 910 910 910 910 910 910 214 214 214 413 413 413 689 689 689 689 689 755 755 755 755 755 755 755 755 755 755 755 648 692 692 692 692 637 637 637 637 637 637 857 857 857 857 857 857 982 982 982 982 982 982 982 391 683 683 683 683 683 684 808 808 808 808 683 210 210 545 545 731 931 931 931 931 545 822 822 822 906 906 837 837 837 837 837 837 837 837 902 902 941 999 470 470 912 916
0 677 677 910 910 910 910 910 910 910 910 518 518 518 518 821 821 821 821 821 821 821 755 755 755 755 755 755 755 755 755 755 755 595 692 692 692 692 637 637 637 637 637 637 857 857 857 857 857 857 857 857 857 770 114 246 391 581 683 683 683 683 683 683 808 808 808 808 683 620 620 620 620 731 931 931 931 931 645 822 822 822 906 906 837 837 837 837 837 837 837 837 902 902 941 999 470 470 912 916
0 677 677 910 910 910 910 910 910 910 910 518 518 518 518 821 821 821 821 821 821 821 755 755 755 755 755 755 755 755 755 755 994 994 994 994 994 692 637 637 637 637 637 637 857 857 857 857 857 857 857 857 857 770 201 246 391 581 581 581 581 581 581 581 808 808 808 808 97 97 608 608 608 386 931 931 931 931 645 822 822 822 906 906 837 837 837 837 837 837 837 837 902 902 902 999 470 470 912 916
0 677 677 910 910 910 910 910 910 910 910 518 518 518 518 821 821 821 821 821 821 821 755 755 755 755 755 755 755 755 755 755 994 994 994 994 994 692 637 637 637 637 637 637 857 857 857 857 857 857 857 857 857 770 201 246 246 581 581 581 581 581 581 581 808 808 808 808 97 97 608 608 608 386 931 931 931 931 645 822 822 822 906 906 381 381 381 132 132 132 36 36 902 902 902 999 470 470 912 916
0 677 677 910 910 910 910 910 910 910 910 518 518 518 518 821 821 821 821 821 821 821 689 689 331 331 331 331 331 505 505 306 306 595 692 692 692 692 637 637 637 637 637 637 857 857 857 857 857 857 857 857 857 770 615 246 246 581 581 581 581 581 581 581 784 784 784 581 97 97 608 608 608 386 931 931 931 931 645 822 822 822 906 906 381 381 381 132 132 792 792 792 902 902 902 999 520 470 912 916
478 478 478 910 910 910 910 914 914 914 914 914 914 589 589 821 821 821 821 821 821 821 689 827 827 827 827 827 827 827 827 827 446 595 692 692 692 692 637 637 637 637 637 637 857 857 857 857 857 857 857 857 857 770 615 246 709 709 709 709 709 709 709 709 784 784 784 596 596 596 608 608 608 386 931 931 931 931 645 822 822 822 822 522 522 522 522 522 513 792 792 792 902 902 902 999 520 803 912 916
478 478 478 910 910 910 910 914 914 914 914 914 914 589 589 589 589 589 589 589 807 807 807 827 827 827 827 827 827 827 827 827 446 446 637 637 637 637 637 637 637 637 637 637 857 857 857 857 857 857 857 857 857 770 615 246 709 709 709 709 709 709 709 709 784 784 784 596 596 596 608 608 608 386 386 386 654 654 654 654 654 654 522 522 522 522 522 522 513 792 792 792 902 902 902 902 550 803 912 916
71 0 0 910 910 910 910 914 914 914 914 914 914 589 589 589 935 935 935 935 935 935 504 827 827 827 827 827 827 827 827 827 446 446 446 446 446 508 508 508 508 326 244 244 857 857 939 939 857 857 857 857 857 201 201 246 870 709 709 709 709 709 709 709 784 784 784 596 596 596 608 608 608 386 386 386 654 654 654 654 654 654 522 522 522 522 522 522 132 792 792 792 520 520 520 520 520 803 803 292
71 0 0 881 881 881 881 914 914 914 914 914 914 589 589 589 935 935 935 935 935 935 504 827 827 827 827 827 827 827 827 827 446 446 446 446 446 598 598 598 598 598 244 964 964 964 964 964 964 964 964 964 791 604 604 604 870 709 709 709 709 709 709 709 784 784 784 596 596 694 694 694 694 694 579 579 654 654 654 654 654 654 522 522 522 522 522 942 834 834 792 792 520 520 520 520 520 803 803 292
71 0 0 166 166 825 166 914 914 914 914 914 914 589 589 777 935 935 935 935 935 935 504 827 827 827 827 827 827 827 827 827 446 446 446 446 446 598 598 598 598 598 244 791 791 791 939 939 791 791 791 791 791 604 604 604 870 709 709 709 709 709 709 709 709 709 596 596 596 694 694 694 694 718 718 718 718 718 718 718 718 654 522 522 522 522 522 942 834 834 792 792 520 520 520 520 520 427 328 292
71 0 0 166 166 825 166 914 914 914 914 914 914 589 589 777 935 935 935 935 935 935 504 827 827 827 827 827 827 827 827 827 446 699 699 699 699 699 699 699 699 699 699 791 791 791 939 939 791 791 791 791 791 604 604 604 870 709 709 709 709 709 709 709 709 709 596 596 596 694 694 694 694 718 718 718 718 718 718 718 718 654 522 522 522 522 582 942 834 834 792 792 944 944 944 944 944 944 944 292
0 0 0 166 166 825 166 914 914 914 914 914 914 720 720 777 935 935 935 935 935 935 504 827 827 827 827 827 827 827 827 827 446 446 446 446 446 598 598 598 598 598 244 791 791 791 791 791 791 791 791 791 791 604 604 604 870 709 709 709 709 709 709 709 709 709 596 596 596 694 694 694 694 718 718 718 718 718 718 718 718 654 522 522 522 522 582 942 834 834 792 792 944 944 944 944 944 944 944 799
0 73 119 166 166 825 166 962 962 962 962 962 962 962 962 962 962 962 935 935 935 935 504 827 827 827 827 827 827 827 827 827 798 798 798 798 446 598 598 598 598 598 0 791 791 791 791 791 791 791 791 791 791 604 604 604 870 709 709 709 709 709 709 709 709 709 503 503 583 694 694 694 694 718 718 718 718 718 718 718 718 654 571 571 571 571 571 942 834 834 842 842 842 842 641 520 520 328 328 292
0 73 119 166 166 825 166 166 166 589 589 589 720 720 720 720 935 935 935 935 935 935 504 827 827 827 827 827 827 827 827 827 798 798 798 938 938 938 938 938 938 938 938 938 791 791 791 791 791 791 791 791 791 917 917 947 947 947 947 947 947 947 947 813 813 813 503 503 583 694 694 694 694 718 718 718 718 718 718 718 718 654 522 522 522 522 522 942 834 834 842 842 842 842 641 650 650 328 328 292
0 73 191 191 867 867 191 191 166 589 589 589 720 720 720 720 935 935 935 935 935 935 504 504 504 504 504 504 504 504 446 446 446 446 446 938 938 938 938 938 938 938 938 938 791 791 791 791 791 791 791 791 791 917 917 917 917 709 709 813 813 813 813 813 813 813 503 503 583 694 694 694 694 718 718 718 718 718 718 727 727 727 727 727 727 727 522 942 0 213 842 842 842 842 520 650 650 5 5 292
0 73 350 350 350 825 350 191 166 589 589 589 589 589 589 589 935 935 935 935 935 935 504 504 504 504 504 504 504 504 376 0 0 0 0 0 0 598 598 598 598 598 125 791 791 791 791 791 791 791 791 791 791 917 917 917 917 604 604 813 813 813 813 813 813 813 503 503 503 996 996 996 996 996 996 996 718 718 718 718 718 654 397 397 159 159 0 942 0 213 842 842 842 842 436 650 650 5 5 292
0 0 191 191 191 195 195 526 526 195 241 241 241 241 241 0 935 935 935 935 935 935 366 366 366 366 0 376 376 376 376 0 0 970 970 970 970 970 970 970 970 970 125 287 287 287 287 287 287 554 680 680 604 917 917 917 917 604 604 304 458 458 458 458 458 503 503 771 771 996 996 996 996 996 996 996 718 718 718 718 718 159 397 514 514 159 0 942 0 567 842 842 842 842 567 650 650 567 410 663
127 127 191 191 191 195 195 195 195 665 665 241 241 241 241 152 152 366 626 626 366 366 366 366 366 366 25 25 25 266 266 266 266 970 970 970 970 970 970 970 970 970 40 287 287 287 287 287 287 287 287 287 287 287 145 145 304 304 304 304 458 458 814 458 458 503 503 503 503 503 503 586 586 718 718 718 718 718 718 718 718 159 159 159 159 159 0 0 0 567 567 567 567 567 567 650 737 567 904 904
